01 01 00	49.73
01 08 00	48.47
01 15 00	46.87
01 22 00	47.72
01 29 00	46.97
02 05 00	49.9
02 12 00	49.19
02 19 00	48.36
02 26 00	46.39
03 04 00	45.34
03 11 00	46.21
03 18 00	45.92
03 25 00	46.76
04 01 00	47.85
04 08 00	47.78
04 15 00	44.93
04 22 00	44.66
04 29 00	44.77
05 06 00	44.25
05 13 00	42.01
05 20 00	41.9
05 27 00	42.09
06 03 00	42.31
06 10 00	40.9
06 17 00	40.12
06 24 00	39.18
07 01 00	40.5
07 08 00	40.7
07 15 00	41.04
07 22 00	43.08
07 29 00	41.7
08 05 00	42.02
08 12 00	42.7
08 19 00	42.92
08 26 00	42.5
09 02 00	42.74
09 09 00	42.39
09 16 00	41.36
09 23 00	38.66
09 30 00	40.12
10 07 00	40.42
10 14 00	42.26
10 21 00	44.25
10 28 00	43.29
11 04 00	44.43
11 11 00	49.15
11 18 00	50.28
11 25 00	49.07
12 02 00	48.49
12 09 00	47.19
12 16 00	47.96
12 23 00	51.72
12 30 00	51.6
01 06 01	48.99
01 13 01	49.09
01 20 01	47.39
01 27 01	48.39
02 03 01	49.97
02 10 01	51.45
02 17 01	50.31
02 24 01	49.83
03 03 01	49.33
03 10 01	49.26
03 17 01	49.94
03 24 01	50.07
03 31 01	51.76
04 07 01	52.17
04 14 01	55
04 21 01	54.42
04 28 01	54.9
05 05 01	55.15
05 12 01	52.5
05 19 01	53.1
05 26 01	53.77
06 02 01	56.74
06 09 01	55.67
06 16 01	57.12
06 23 01	56.72
06 30 01	56.26
07 07 01	54.04
07 14 01	50.7
07 21 01	51.4
07 28 01	53.24
08 04 01	50.52
08 11 01	51.03
08 18 01	51.83
08 25 01	53.89
09 01 01	53.03
09 08 01	51.6
09 15 01	51.1
09 22 01	49.32
09 29 01	48.66
10 06 01	46.51
10 13 01	48.02
10 20 01	47.75
10 27 01	46.72
11 03 01	47.07
11 10 01	48.55
11 17 01	48.08
11 24 01	47.55
12 01 01	46.73
12 08 01	46.48
12 15 01	45.22
12 22 01	45.34
12 29 01	46.23
01 05 02	47.37
01 12 02	46.21
01 19 02	46.31
01 26 02	46.81
02 02 02	47.28
02 09 02	47.32
02 16 02	47.66
02 23 02	47.66
03 02 02	47.66
03 09 02	47.53
03 16 02	47.87
03 23 02	49.12
03 30 02	49.04
04 06 02	48.61
04 13 02	48.2
04 20 02	48.98
04 27 02	49
05 04 02	48.22
05 11 02	47.82
05 18 02	47.25
05 25 02	48.51
06 01 02	48.36
06 08 02	47.94
06 15 02	48.1
06 22 02	46.86
06 29 02	46.94
07 06 02	47.51
07 13 02	47.18
07 20 02	48.18
07 27 02	49.11
08 03 02	48.15
08 10 02	48.31
08 17 02	48.45
08 24 02	48.08
08 31 02	48.58
09 07 02	48.99
09 14 02	48.26
09 21 02	48.84
09 28 02	46.77
10 05 02	46.87
10 12 02	46.84
10 19 02	48.6
10 26 02	48.22
11 02 02	47.85
11 09 02	45.51
11 16 02	45.39
11 23 02	45.83
11 30 02	45.64
12 07 02	45.36
12 14 02	43.48
12 21 02	45.74
12 28 02	46.2
01 04 03	47.72
01 11 03	47.92
01 18 03	47.09
01 25 03	47.37
02 01 03	47.83
02 08 03	48.98
02 15 03	49.42
02 22 03	49.22
03 01 03	48.18
03 08 03	47.02
03 15 03	46.85
03 22 03	47.73
03 29 03	45.87
04 05 03	45.55
04 12 03	44.37
04 19 03	47.03
04 26 03	46.34
05 03 03	46.76
05 10 03	46.54
05 17 03	45.34
05 24 03	44.28
05 31 03	43.5
06 07 03	42.31
06 14 03	42.15
06 21 03	41.35
06 28 03	42.9
07 05 03	42.39
07 12 03	40.96
07 19 03	38.51
07 26 03	36.57
08 02 03	36.91
08 09 03	35.07
08 16 03	39.32
08 23 03	37.48
08 30 03	38.82
09 06 03	37.61
09 13 03	36.61
09 20 03	35.36
09 27 03	32.91
10 04 03	34.34
10 11 03	31.87
10 18 03	31.52
10 25 03	33.09
11 01 03	33.18
11 08 03	30.76
11 15 03	31.65
11 22 03	32.52
11 29 03	32.36
12 06 03	34.59
12 13 03	34.09
12 20 03	34.27
12 27 03	35.5
01 03 04	34.87
01 10 04	34.9
01 17 04	35.62
01 24 04	36.21
01 31 04	35.79
02 07 04	35.11
02 14 04	35.66
02 21 04	34.2
02 28 04	34.68
03 06 04	34.43
03 13 04	33.93
03 20 04	35.22
03 27 04	35.53
04 03 04	35.53
04 10 04	36.48
04 17 04	36.01
04 24 04	35.51
05 01 04	35.34
05 08 04	35.55
05 15 04	34.71
05 22 04	35.42
05 29 04	35.17
06 05 04	35.09
06 12 04	35.68
06 19 04	35.73
06 26 04	35.98
07 03 04	36.22
07 10 04	36.98
07 17 04	38.32
07 24 04	38.67
07 31 04	38.48
08 07 04	38.48
08 14 04	39.4
08 21 04	38.78
08 28 04	39.86
09 04 04	40.42
09 11 04	41.21
09 18 04	41.28
09 25 04	41.54
10 02 04	42.81
10 09 04	42.87
10 16 04	45.3
10 23 04	46.11
10 30 04	46.01
11 06 04	48.33
11 13 04	50.2
11 20 04	51.55
11 27 04	52.82
12 04 04	53.45
12 11 04	48.01
12 18 04	49.99
12 25 04	50.46
01 01 05	51.37
01 08 05	50.74
01 15 05	51.78
01 22 05	50.69
01 29 05	51.65
02 05 05	52.4
02 12 05	53.64
02 19 05	54.7
02 26 05	55.29
03 05 05	55.72
03 12 05	57.1
03 19 05	56.95
03 26 05	57.35
04 02 05	59.22
04 09 05	60
04 16 05	60.87
04 23 05	58.37
04 30 05	56.12
05 07 05	54.39
05 14 05	56.54
05 21 05	52.1
05 28 05	54.1
06 04 05	53.65
06 11 05	54.46
06 18 05	53.78
06 25 05	56.53
07 02 05	57.45
07 09 05	58.01
07 16 05	57.74
07 23 05	57.44
07 30 05	59.64
08 06 05	60
08 13 05	59.94
08 20 05	60.04
08 27 05	60.02
09 03 05	58.93
09 10 05	57.71
09 17 05	59.4
09 24 05	59.15
10 01 05	59.98
10 08 05	59.6
10 15 05	59.48
10 22 05	60.48
10 29 05	60.1
11 05 05	60.82
11 12 05	59
11 19 05	62.21
11 26 05	65.28
12 03 05	65.37
12 10 05	68.32
12 17 05	69.86
12 24 05	69.96
12 31 05	69.35
01 07 06	71.56
01 14 06	73.58
01 21 06	74.72
01 28 06	72.5
02 04 06	73.03
02 11 06	73.05
02 18 06	71.03
02 25 06	71.08
03 04 06	67.81
03 11 06	70.37
03 18 06	67.92
03 25 06	70.25
04 01 06	71.42
04 08 06	70.02
04 15 06	70.81
04 22 06	68.22
04 29 06	66.08
05 06 06	66.25
05 13 06	67.74
05 20 06	67.3
05 27 06	68.1
06 03 06	69.47
06 10 06	68.89
06 17 06	66.18
06 24 06	64.97
07 01 06	62.85
07 08 06	64.14
07 15 06	63.1
07 22 06	64.67
07 29 06	66.94
08 05 06	67.78
08 12 06	67.54
08 19 06	70.05
08 26 06	69.47
09 02 06	68.11
09 09 06	69.02
09 16 06	69.8
09 23 06	70.02
09 30 06	69.9
10 07 06	70.46
10 14 06	69.9
10 21 06	69.04
10 28 06	68.5
11 04 06	69.05
11 11 06	67.43
11 18 06	69.29
11 25 06	69.18
12 02 06	69.6
12 09 06	69.77
12 16 06	68.97
12 23 06	67.84
12 30 06	68.87
01 06 07	70.35
01 13 07	69.77
01 20 07	68.09
01 27 07	67.07
02 03 07	66.06
02 10 07	67.84
02 17 07	67.75
02 24 07	65.94
03 03 07	64.24
03 10 07	62.56
03 17 07	59.95
03 24 07	55.03
03 31 07	60.07
04 07 07	61.58
04 14 07	59.42
04 21 07	61.9
04 28 07	61.59
05 05 07	61.54
05 12 07	60.99
05 19 07	58.97
05 26 07	56.42
06 02 07	56.5
06 09 07	58.35
06 16 07	56.85
06 23 07	56.87
06 30 07	59.32
07 07 07	60.23
07 14 07	59.27
07 21 07	59.21
07 28 07	58.47
08 04 07	56.5
08 11 07	51.96
08 18 07	50.73
08 25 07	51.4
09 01 07	53.65
09 08 07	53.6
09 15 07	49.74
09 22 07	50.75
09 29 07	49.43
10 06 07	49.31
10 13 07	45.36
10 20 07	44.39
10 27 07	42.43
11 03 07	42.69
11 10 07	41.52
11 17 07	40.18
11 24 07	39.14
12 01 07	43.9
12 08 07	43.59
12 15 07	41.62
12 22 07	42.49
12 29 07	43.41
01 05 08	45.07
01 12 08	47.43
01 19 08	46.12
01 26 08	45.3
02 02 08	45.12
02 09 08	42.92
02 16 08	42.98
02 23 08	43.8
03 01 08	44.59
03 08 08	46.47
03 15 08	47.61
03 22 08	49.87
03 29 08	50.1
04 05 08	48.93
04 12 08	49.76
04 19 08	49.59
04 26 08	50.95
05 03 08	50.93
05 10 08	52.9
05 17 08	54.83
05 24 08	53.31
05 31 08	54.29
06 07 08	53.56
06 14 08	53.23
06 21 08	52.34
06 28 08	53.22
07 05 08	54.37
07 12 08	55.52
07 19 08	57.48
07 26 08	57.74
08 02 08	59.18
08 09 08	62.34
08 16 08	60.3
08 23 08	59.79
08 30 08	61.8
09 06 08	61.07
09 13 08	60.21
09 20 08	56.7
09 27 08	58.09
10 04 08	58.8
10 11 08	59.48
10 18 08	59.31
10 25 08	60.02
11 01 08	60.51
11 08 08	63.85
11 15 08	64
11 22 08	62.9
11 29 08	63.72
12 06 08	63.05
12 13 08	62.27
12 20 08	60.92
12 27 08	63.48
01 03 09	62.23
01 10 09	62.25
01 17 09	61.89
01 24 09	62.67
01 31 09	61.64
02 07 09	62.49
02 14 09	63.3
02 21 09	58.33
02 28 09	60.37
03 07 09	60
03 14 09	59.77
03 21 09	60.79
03 28 09	62.27
04 04 09	63.45
04 11 09	64.32
04 18 09	64.1
04 25 09	63.96
05 02 09	64.79
05 09 09	66.37
05 16 09	66.31
05 23 09	66.97
05 30 09	67.43
06 06 09	68.59
06 13 09	68.75
06 20 09	65.44
06 27 09	66.86
07 04 09	67.97
07 11 09	68.18
07 18 09	68.86
07 25 09	68.62
08 01 09	71.18
08 08 09	71.81
08 15 09	71.79
08 22 09	72.18
08 29 09	71.77
09 05 09	71.1
09 12 09	70.19
09 19 09	72.8
09 26 09	72.5
10 03 09	73.12
10 10 09	70.77
10 17 09	72.1
10 24 09	70.75
10 31 09	72.59
11 07 09	72.56
11 14 09	72.49
11 21 09	72.25
11 28 09	69.99
12 05 09	71.18
12 12 09	72.27
12 19 09	72.15
12 26 09	71.74
01 02 10	71.78
01 09 10	70.87
01 16 10	68.43
01 23 10	67.94
01 30 10	67.09
02 06 10	62.3
02 13 10	65.44
02 20 10	66.21
02 27 10	66.67
03 06 10	68.87
03 13 10	67.96
03 20 10	67.4
03 27 10	65.49
04 03 10	65.5
04 10 10	66.5
04 17 10	66.9
04 24 10	64.77
05 01 10	62.42
05 08 10	64.25
05 15 10	64.8
05 22 10	64.8
05 29 10	63.01
06 05 10	59.89
06 12 10	61.23
06 19 10	62.1
06 26 10	60.69
07 03 10	58.56
07 10 10	59.18
07 17 10	59.04
07 24 10	55.37
07 31 10	55.58
08 07 10	57.03
08 14 10	58.23
08 21 10	58.01
08 28 10	58.15
09 04 10	57.19
09 11 10	57.76
09 18 10	57.29
09 25 10	57.8
10 02 10	58.89
10 09 10	59.79
10 16 10	62.5
10 23 10	62.05
10 30 10	61.87
11 06 10	62.56
11 13 10	61.6
11 20 10	61.97
11 27 10	60.79
12 04 10	59.12
12 11 10	59.1
12 18 10	59.97
12 25 10	58.72
01 01 11	59.94
01 08 11	60.23
01 15 11	60.19
01 22 11	60.85
01 29 11	61.99
02 05 11	62.65
02 12 11	62.39
02 19 11	62.48
02 26 11	61.69
03 05 11	60.2
03 12 11	60.59
03 19 11	61.4
03 26 11	61.09
04 02 11	60.83
04 09 11	60.64
04 16 11	60.26
04 23 11	59.94
04 30 11	61.42
05 07 11	60.5
05 14 11	60.37
05 21 11	63.01
05 28 11	63.07
06 04 11	63.03
06 11 11	63.29
06 18 11	63.55
06 25 11	63.05
07 02 11	62.51
07 09 11	62.98
07 16 11	62.57
07 23 11	62.94
07 30 11	62.79
08 06 11	60.69
08 13 11	59.35
08 20 11	58.77
08 27 11	57.89
09 03 11	58.23
09 10 11	57.51
09 17 11	57.42
09 24 11	53.24
10 01 11	56.02
10 08 11	55.85
10 15 11	57.18
10 22 11	56.77
10 29 11	54.79
11 05 11	57.67
11 12 11	58.37
11 19 11	58.83
11 26 11	59.37
12 03 11	58.79
12 10 11	58.64
12 17 11	59.77
12 24 11	59.9
12 31 11	60.12
01 07 12	59.95
01 14 12	59.48
01 21 12	59.84
01 28 12	59.32
02 04 12	58.64
02 11 12	58.85
02 18 12	59.15
02 25 12	59.1
03 03 12	60.29
03 10 12	60.68
03 17 12	62.3
03 24 12	64.62
03 31 12	65
04 07 12	65.85
04 14 12	65.47
04 21 12	64.75
04 28 12	66.03
05 05 12	63.94
05 12 12	65.35
05 19 12	65.94
05 26 12	65.69
06 02 12	64.67
06 09 12	66.1
06 16 12	65.54
06 23 12	65.74
06 30 12	66.68
07 07 12	65.07
07 14 12	64.44
07 21 12	65.5
07 28 12	64.94
08 04 12	65.72
08 11 12	66.22
08 18 12	66.59
08 25 12	66.82
09 01 12	66.15
09 08 12	66.58
09 15 12	66.18
09 22 12	67.94
09 29 12	68.72
10 06 12	68.56
10 13 12	67.44
10 20 12	67.37
10 27 12	66.75
11 03 12	65.9
11 10 12	65.39
11 17 12	65.67
11 24 12	65.6
12 01 12	66.32
12 08 12	62.8
12 15 12	62.94
12 22 12	63.67
12 29 12	63.69
01 05 13	63.65
01 12 13	62.75
01 19 13	59.53
01 26 13	60.24
02 02 13	60.77
02 09 13	60.53
02 16 13	58.81
02 23 13	57.85
03 02 13	59.37
03 09 13	57.85
03 16 13	57.85
03 23 13	57.6
03 30 13	59.07
04 06 13	60.1
04 13 13	59.94
04 20 13	59.65
04 27 13	57.9
05 04 13	58.35
05 11 13	57.35
05 18 13	57.47
05 25 13	58.19
06 01 13	56.4
06 08 13	53.94
06 15 13	54.44
06 22 13	54.26
06 29 13	54.65
07 06 13	55.23
07 13 13	54.9
07 20 13	57.05
07 27 13	57.71
08 03 13	57.48
08 10 13	58.2
08 17 13	58.29
08 24 13	58.6
08 31 13	59.08
09 07 13	59.4
09 14 13	60.45
09 21 13	60.59
09 28 13	59.29
10 05 13	58.26
10 12 13	56.67
10 19 13	56.98
10 26 13	57.94
11 02 13	56.76
11 09 13	55.43
11 16 13	56.26
11 23 13	55.56
11 30 13	55.31
12 07 13	56.1
12 14 13	54.94
12 21 13	56.98
12 28 13	57.29
01 04 14	57.67
01 11 14	57.87
01 18 14	59.28
01 25 14	60.5
02 01 14	60.26
02 08 14	60.18
02 15 14	60.29
02 22 14	60.1
03 01 14	59.6
03 08 14	59.39
03 15 14	59.62
03 22 14	60.72
03 29 14	59.59
04 05 14	59.99
04 12 14	59.15
04 19 14	57.58
04 26 14	56.8
05 03 14	58.31
05 10 14	58.42
05 17 14	59.39
05 24 14	59.29
05 31 14	59.1
06 07 14	59.59
06 14 14	59.46
06 21 14	59.55
06 28 14	58.4
07 05 14	59.42
07 12 14	59.02
07 19 14	58.69
07 26 14	57.72
08 02 14	52.24
08 09 14	52.34
08 16 14	52.44
08 23 14	52.54
08 30 14	52.64
09 06 14	52.74
09 13 14	52.84
09 20 14	52.94
09 27 14	53.04
10 04 14	53.14
10 11 14	53.24
10 18 14	53.34
10 25 14	53.44
11 01 14	53.54
11 08 14	53.64
11 15 14	53.74
11 22 14	53.84
11 29 14	53.94
12 06 14	54.04
12 13 14	54.14
12 20 14	54.24
12 27 14	54.34
01 03 15	55.44
01 10 15	57.37
01 17 15	58.12
01 24 15	58.06
01 31 15	55.59
02 07 15	56.31
02 14 15	57.02
02 21 15	54.4
02 28 15	55.29
03 07 15	56.98
03 14 15	56.7
03 21 15	58.1
03 28 15	60.12
04 04 15	62.29
04 11 15	64.65
04 18 15	67.86
04 25 15	68.97
05 02 15	69.54
05 09 15	62.06
05 16 15	63.4
05 23 15	65.46
05 30 15	64.86
06 06 15	69.21
06 13 15	70.93
06 20 15	71.83
06 27 15	70.74
07 04 15	69.87
07 11 15	70.05
07 18 15	70.84
07 25 15	74.6
08 01 15	76.46
08 08 15	77.69
08 15 15	81.28
08 22 15	76.87
08 29 15	81.69
09 05 15	81.02
09 12 15	81.4
09 19 15	84.25
09 26 15	89.2
10 03 15	90.98
10 10 15	92.37
10 17 15	94.61
10 24 15	95.88
10 31 15	95.16
11 07 15	92.8
11 14 15	95.05
11 21 15	95.45
11 28 15	97.56
12 05 15	97.86
12 12 15	95.96
12 19 15	97.7
12 26 15	99.21
01 02 16	98.81
01 09 16	95.69
01 16 16	96.63
01 23 16	93.87
01 30 16	90.58
02 06 16	94.96
02 13 16	95.28
02 20 16	94.36
02 27 16	90.89
03 05 16	92.93
03 12 16	94.75
03 19 16	93.6
03 26 16	93.57
04 02 16	94.13
04 09 16	94.22
04 16 16	91.08
04 23 16	87
04 30 16	90.3
05 07 16	90.36
05 14 16	92.43
05 21 16	92.06
05 28 16	91.95
06 04 16	92.19
06 11 16	93.61
06 18 16	90
06 25 16	87.68
07 02 16	89.37
07 09 16	88.6
07 16 16	87.15
07 23 16	89.1
07 30 16	89.25
08 06 16	88.88
08 13 16	90.75
08 20 16	93.25
08 27 16	92.49
09 03 16	93.36
09 10 16	95.75
09 17 16	98.5
09 24 16	100.89
10 01 16	103
10 08 16	100.23
10 15 16	101.42
10 22 16	105.17
10 29 16	104.3
11 05 16	107.21
11 12 16	105.63
11 19 16	110.1
11 26 16	108.23
12 03 16	106.2
12 10 16	104.67
12 17 16	98.07
12 24 16	96.1
12 31 16	96.15
01 07 17	96.4
01 14 17	95.59
01 21 17	96.6
01 28 17	95.78
02 04 17	92.03
02 11 17	92.37
02 18 17	93.66
02 25 17	93.35
03 04 17	95.04
03 11 17	95.03
03 18 17	96.97
03 25 17	96.32
04 01 17	97.06
04 08 17	92.41
04 15 17	92.21
04 22 17	90.96
04 29 17	93.23
05 06 17	91.21
05 13 17	90.78
05 20 17	93.47
05 27 17	97.2
06 03 17	97
06 10 17	97.86
06 17 17	94.89
06 24 17	97.57
07 01 17	95.23
07 08 17	93.64
07 15 17	91.38
07 22 17	91.61
07 29 17	92.13
08 05 17	93.85
08 12 17	92.65
08 19 17	91.27
08 26 17	88.4
09 02 17	81.19
09 09 17	83.88
09 16 17	81.55
09 23 17	85.7
09 30 17	83.58
10 07 17	80.47
10 14 17	75.12
10 21 17	79.06
10 28 17	76.28
11 04 17	69.93
11 11 17	70.65
11 18 17	71.5
11 25 17	74.03
12 02 17	72.55
12 09 17	70.49
12 16 17	67.08
12 23 17	69.29
12 30 17	74.37
01 06 18	74.85
01 13 18	73.47
01 20 18	76.11
01 27 18	77.12
02 03 18	79.28
02 10 18	78.72
02 17 18	81.53
02 24 18	79.87
03 03 18	79
03 10 18	79.78
03 17 18	77.93
03 24 18	76.44
03 31 18	77.15
04 07 18	77.69
04 14 18	77.5
04 21 18	79.42
04 28 18	77.79
05 05 18	79.36
05 12 18	82.16
05 19 18	82.47
05 26 18	78.65
06 02 18	78.55
06 09 18	78.93
06 16 18	80.61
06 23 18	82.5
06 30 18	81.81
07 07 18	82.6
07 14 18	80.58
07 21 18	81.22
07 28 18	81.1
08 04 18	81.57
08 11 18	81.58
08 18 18	81.62
08 25 18	82.93
09 01 18	83.84
09 08 18	81.8
09 15 18	81.47
09 22 18	82.44
09 29 18	84.68
10 06 18	84.35
10 13 18	86.35
10 20 18	88.15
10 27 18	87.28
11 03 18	85.74
11 10 18	86.56
11 17 18	85
11 24 18	79.87
12 01 18	81.12
12 08 18	83.41
12 15 18	83.23
12 22 18	81.5
12 29 18	80.78
01 05 19	82.45
01 12 19	81.79
01 19 19	80.14
01 26 19	81.47
02 02 19	80.9
02 09 19	79.65
02 16 19	82.55
02 23 19	84.62
03 02 19	85.58
03 09 19	87.43
03 16 19	88.41
03 23 19	87.97
03 30 19	88.85
04 06 19	90.18
04 13 19	90.48
04 20 19	92.21
04 27 19	93.17
05 04 19	94.92
05 11 19	98.53
05 18 19	99.16
05 25 19	103.8
06 01 19	106.92
06 08 19	107.35
06 15 19	99.56
06 22 19	106.09
06 29 19	106.98
07 06 19	109.41
07 13 19	112.23
07 20 19	107.24
07 27 19	110.94
08 03 19	102.81
08 10 19	103.94
08 17 19	99.7
08 24 19	101.63
08 31 19	106.25
09 07 19	106.5
09 14 19	108.39
09 21 19	106.3
09 28 19	110.31
10 05 19	112.04
10 12 19	112.41
10 19 19	115.43
10 26 19	114.88
11 02 19	119.62
11 09 19	112.93
11 16 19	109.09
11 23 19	108.86
11 30 19	104.03
12 07 19	107.83
12 14 19	105.06
12 21 19	103.55
12 28 19	105.18
01 04 20	108.85
01 11 20	104.21
01 18 20	102.73
01 25 20	103.74
02 01 20	103
02 08 20	95.73
02 15 20	92.6
02 22 20	92.98
02 29 20	92.4
03 07 20	97.38
03 14 20	100.55
03 21 20	104.17
03 28 20	102.23
04 04 20	102.98
04 11 20	103.94
04 18 20	101.87
04 25 20	97.2
05 02 20	94.03
05 09 20	93.33
05 16 20	91.24
05 23 20	87.57
05 30 20	92.2
06 06 20	91.13
06 13 20	91.75
06 20 20	91.32
06 27 20	90.45
07 04 20	93
07 11 20	92.08
07 18 20	90.21
07 25 20	87.66
08 01 20	84.95
08 08 20	83.24
08 15 20	85.07
08 22 20	85.78
08 29 20	86.43
09 05 20	88.21
09 12 20	86.96
09 19 20	88.88
09 26 20	83.82
10 03 20	85.25
10 10 20	84
10 17 20	84.31
10 24 20	85.73
10 31 20	85.48
11 07 20	81.5
11 14 20	76.62
11 21 20	77.15
11 28 20	76.18
12 05 20	76.72
12 12 20	70.47
12 19 20	68.53
12 26 20	68
01 02 21	72.67
01 09 21	76
01 16 21	75.21
01 23 21	74.77
01 30 21	76.12
02 06 21	74.8
02 13 21	76.4
02 20 21	75.1
02 27 21	74.97
03 06 21	75.25
03 13 21	72.99
03 20 21	76.03
03 27 21	76.19
04 03 21	75.15
04 10 21	76.15
04 17 21	76.15
04 24 21	78.55
05 01 21	79.65
05 08 21	78.81
05 15 21	77.22
05 22 21	75.86
05 29 21	73.44
06 05 21	71.18
06 12 21	70.03
06 19 21	64.9
06 26 21	67.03
07 03 21	67.71
07 10 21	68.69
07 17 21	67.87
07 24 21	69.8
07 31 21	69.68
08 07 21	68.62
08 14 21	66.02
08 21 21	64.05
08 28 21	66.18
09 04 21	69.12
09 11 21	70.68
09 18 21	70.06
09 25 21	70.65
10 02 21	71.61
10 09 21	70.94
10 16 21	69.46
10 23 21	71.81
10 30 21	73.21
11 06 21	74.19
11 13 21	75.5
11 20 21	76.69
11 27 21	78
12 04 21	78.93
12 11 21	80.62
12 18 21	80.31
12 25 21	80.69
01 01 22	78.9
01 08 22	78.87
01 15 22	81.36
01 22 22	82.29
01 29 22	81.33
02 05 22	83.7
02 12 22	83.81
02 19 22	84.85
02 26 22	84.58
03 05 22	86.3
03 12 22	87.56
03 19 22	88.28
03 26 22	86.6
04 02 22	90.05
04 09 22	91.11
04 16 22	92.75
04 23 22	93
04 30 22	93.35
05 07 22	92.84
05 14 22	92.08
05 21 22	94.86
05 28 22	96.41
06 04 22	95.98
06 11 22	90.73
06 18 22	91.95
06 25 22	93.48
07 02 22	92.92
07 09 22	93.9
07 16 22	95.25
07 23 22	94.64
07 30 22	97.05
08 06 22	97.37
08 13 22	96.21
08 20 22	99.71
08 27 22	99.21
09 03 22	101.67
09 10 22	102.05
09 17 22	98.88
09 24 22	98.9
10 01 22	97.67
10 08 22	102.25
10 15 22	102.75
10 22 22	100.11
10 29 22	96.9
11 05 22	98.45
11 12 22	95.37
11 19 22	95.82
11 26 22	92.03
12 03 22	95.1
12 10 22	97.85
12 17 22	97.64
12 24 22	99.04
12 31 22	98.77
01 07 23	98.06
01 14 23	98.04
01 21 23	97.25
01 28 23	98.25
02 04 23	100.03
02 11 23	102.16
02 18 23	102.96
02 25 23	102.4
03 04 23	104.77
03 11 23	104.21
03 18 23	105.36
03 25 23	102.36
04 01 23	101.5
04 08 23	102.11
04 15 23	101.75
04 22 23	100.73
04 29 23	98.38
05 06 23	95.41
05 13 23	96.91
05 20 23	92.77
05 27 23	97.25
06 03 23	96.14
06 10 23	97.22
06 17 23	92.64
06 24 23	91.48
07 01 23	88.95
07 08 23	89.25
07 15 23	89.22
07 22 23	91.58
07 29 23	88.11
08 05 23	88.5
08 12 23	88.95
08 19 23	91.71
08 26 23	92.48
09 02 23	92.25
09 09 23	93.31
09 16 23	89.41
09 23 23	89.21
09 30 23	88.06
10 07 23	88.56
10 14 23	88.06
10 21 23	87.48
10 28 23	86.2
11 04 23	89.36
11 11 23	91.08
11 18 23	91.35
11 25 23	92.88
12 02 23	92.64
12 09 23	93.86
12 16 23	95.25
12 23 23	94.42
12 30 23	95.52
01 06 24	96.54
01 13 24	95.68
01 20 24	97.28
01 27 24	99.35
02 03 24	101.08
02 10 24	100.91
02 17 24	96.33
02 24 24	97.16
03 02 24	97.1
03 09 24	97.21
03 16 24	96.6
03 23 24	95.58
03 30 24	93
04 06 24	93.03
04 13 24	89.91
04 20 24	89.18
04 27 24	90.99
05 04 24	92.23
05 11 24	89.48
05 18 24	89.81
05 25 24	90.6
06 01 24	90.15
06 08 24	90.15
06 15 24	93.8
06 22 24	92.65
06 29 24	96.37
07 06 24	96.91
07 13 24	97.5
07 20 24	99.02
07 27 24	101.09
08 03 24	103.28
08 10 24	102.2
08 17 24	104.99
08 24 24	103.53
08 31 24	104.95
09 07 24	101.25
09 14 24	101.38
09 21 24	103.25
09 28 24	102.96
10 05 24	102.58
10 12 24	99.18
10 19 24	101.14
10 26 24	101.73
11 02 24	103.89
11 09 24	105.91
11 16 24	109.5
11 23 24	109.81
11 30 24	110.44
12 07 24	111.3
12 14 24	113.4
12 21 24	116.84
12 28 24	118.63
01 04 25	119.46
01 11 25	123.21
01 18 25	122.35
01 25 25	121.9
02 01 25	120.46
02 08 25	122.37
02 15 25	117.96
02 22 25	121.48
03 01 25	123.93
03 08 25	124.33
03 15 25	120.75
03 22 25	116.81
03 29 25	115
04 05 25	119.43
04 12 25	120.18
04 19 25	121.23
04 26 25	119.46
05 03 25	122.86
05 10 25	124.14
05 17 25	127
05 24 25	127.78
05 31 25	129.69
06 07 25	127.12
06 14 25	128.43
06 21 25	128.25
06 28 25	129.23
07 05 25	132.31
07 12 25	131.7
07 19 25	135
07 26 25	136.5
08 02 25	134.81
08 09 25	137.41
08 16 25	141.56
08 23 25	142.75
08 30 25	141.18
09 06 25	140.86
09 13 25	146.63
09 20 25	146.11
09 27 25	144.14
10 04 25	146.81
10 11 25	147.39
10 18 25	148.53
10 25 25	153.6
11 01 25	157.88
11 08 25	157.43
11 15 25	153.11
11 22 25	148.6
11 29 25	151.08
12 06 25	154.2
12 13 25	154.7
12 20 25	152.35
12 27 25	156.87
01 03 26	158.75
01 10 26	157.58
01 17 26	155.98
01 24 26	155.28
01 31 26	156.83
02 07 26	159.1
02 14 26	158.3
02 21 26	158.83
02 28 26	150.89
03 07 26	150.1
03 14 26	150.64
03 21 26	146.31
03 28 26	135.49
04 04 26	141.08
04 11 26	136.53
04 18 26	136.91
04 25 26	142.93
05 02 26	140.53
05 09 26	138.87
05 16 26	137.97
05 23 26	141.16
05 30 26	142.3
06 06 26	145.56
06 13 26	150.13
06 20 26	154.03
06 27 26	151.08
07 04 26	154.37
07 11 26	155.58
07 18 26	158.94
07 25 26	155.7
08 01 26	161.84
08 08 26	166.14
08 15 26	166.1
08 22 26	163.41
08 29 26	161.83
09 05 26	166.1
09 12 26	158.97
09 19 26	156.25
09 26 26	158.42
10 03 26	156.78
10 10 26	149.35
10 17 26	148.2
10 24 26	148.78
10 31 26	150.5
11 07 26	154.78
11 14 26	155
11 21 26	155
11 28 26	155.93
12 05 26	159.3
12 12 26	160
12 19 26	160.75
12 26 26	159.31
01 02 27	155.16
01 09 27	156.56
01 16 27	153.91
01 23 27	154.43
01 30 27	156.41
02 06 27	154.31
02 13 27	157.56
02 20 27	158.8
02 27 27	161.95
03 06 27	158.62
03 13 27	161.43
03 20 27	160.81
03 27 27	161
04 03 27	161.7
04 10 27	163.61
04 17 27	165.48
04 24 27	163.73
05 01 27	164.55
05 08 27	168.15
05 15 27	166.68
05 22 27	171.67
05 29 27	172.96
06 05 27	171.13
06 12 27	167.63
06 19 27	169.5
06 26 27	165.73
07 03 27	170.95
07 10 27	172.65
07 17 27	175.4
07 24 27	179.28
07 31 27	184.21
08 07 27	180.26
08 14 27	181.93
08 21 27	187.32
08 28 27	190
09 04 27	196.91
09 11 27	194
09 18 27	196.38
09 25 27	194.64
10 02 27	199.78
10 09 27	189.03
10 16 27	186.81
10 23 27	181.43
10 30 27	181.73
11 06 27	190.57
11 13 27	195.91
11 20 27	194.9
11 27 27	194.8
12 04 27	196.96
12 11 27	197.35
12 18 27	200.93
12 25 27	200.32
01 01 28	203.55
01 08 28	199.63
01 15 28	195.41
01 22 28	199.72
01 29 28	197.57
02 05 28	196.63
02 12 28	197.93
02 19 28	191.33
02 26 28	192.12
03 04 28	197.8
03 11 28	203.33
03 18 28	203.66
03 25 28	210.36
04 01 28	209.33
04 08 28	211.53
04 15 28	215.79
04 22 28	207.93
04 29 28	211.63
05 06 28	219.51
05 13 28	220.88
05 20 28	214.33
05 27 28	214.05
06 03 28	216.62
06 10 28	205.74
06 17 28	201.96
06 24 28	203.95
07 01 28	208.21
07 08 28	213.86
07 15 28	205.1
07 22 28	210.84
07 29 28	216.62
08 05 28	218.04
08 12 28	215.53
08 19 28	225.76
08 26 28	234.83
09 02 28	240.25
09 09 28	238.82
09 16 28	241.25
09 23 28	240.13
09 30 28	240.01
10 07 28	239.55
10 14 28	249.85
10 21 28	253.6
10 28 28	257.13
11 04 28	257.58
11 11 28	269.66
11 18 28	278.78
11 25 28	291.16
12 02 28	289.23
12 09 28	263.95
12 16 28	270.23
12 23 28	287.88
12 30 28	300
01 06 29	297.7
01 13 29	304.06
01 20 29	304.63
01 27 29	314.03
02 03 29	319.03
02 10 29	310.35
02 17 29	300.74
02 24 29	311.24
03 03 29	313.86
03 10 29	305.75
03 17 29	317.59
03 24 29	297.5
03 31 29	300.4
04 07 29	301.49
04 14 29	302.43
04 21 29	315.33
04 28 29	313.84
05 05 29	326.16
05 12 29	316.49
05 19 29	312.7
05 26 29	293.41
06 02 29	304.2
06 09 29	303.26
06 16 29	319.33
06 23 29	321.15
06 30 29	335.22
07 07 29	346.55
07 14 29	341.93
07 21 29	341.37
07 28 29	339.21
08 04 29	352.5
08 11 29	351.13
08 18 29	365.2
08 25 29	374.46
09 01 29	381.17
09 08 29	374.93
09 15 29	372.39
09 22 29	359
09 29 29	343.45
10 06 29	345.72
10 13 29	350.97
10 20 29	320.91
10 27 29	360.64
11 03 29	257.68
11 10 29	220.38
11 17 29	227.56
11 24 29	243.43
12 01 29	241.7
12 08 29	259.18
12 15 29	245.88
12 22 29	232.65
12 29 29	241.06
01 05 30	248.1
01 12 30	249.62
01 19 30	247.31
01 26 30	260.93
02 02 30	266.53
02 09 30	268.58
02 16 30	270.53
02 23 30	262.47
03 02 30	271.11
03 09 30	276.85
03 16 30	274.26
03 23 30	279.11
03 30 30	286.2
04 06 30	290.19
04 13 30	293.18
04 20 30	288.23
04 27 30	276.94
05 04 30	259.68
05 11 30	270.16
05 18 30	265.87
05 25 30	272.13
06 01 30	274.45
06 08 30	250.78
06 15 30	230.05
06 22 30	219.58
06 29 30	226.34
07 06 30	218.33
07 13 30	234.21
07 20 30	229.29
07 27 30	240.81
08 03 30	238.16
08 10 30	224.13
08 17 30	227.79
08 24 30	231.51
08 31 30	240.42
09 07 30	242.84
09 14 30	236.62
09 21 30	222.78
09 28 30	208.13
10 05 30	202.76
10 12 30	196.7
10 19 30	193.32
10 26 30	195.09
11 02 30	185.39
11 09 30	171.6
11 16 30	180.5
11 23 30	188.26
11 30 30	185.48
12 07 30	176.09
12 14 30	163.34
12 21 30	162.42
12 28 30	160.16
01 04 31	170.71
01 11 31	167.99
01 18 31	161.45
01 25 31	171.19
02 01 31	168.71
02 08 31	177.72
02 15 31	182.88
02 22 31	194.36
03 01 31	184.34
03 08 31	185.38
03 15 31	183.61
03 22 31	184.32
03 29 31	172.56
04 05 31	169.72
04 12 31	171.07
04 19 31	163.41
04 26 31	149.78
05 03 31	150.5
05 10 31	151.56
05 17 31	139.5
05 24 31	132.87
05 31 31	122.77
06 07 31	135.92
06 14 31	135.25
06 21 31	145.81
06 28 31	152.67
07 05 31	152.8
07 12 31	142.43
07 19 31	144.48
07 26 31	139.64
08 02 31	137.5
08 09 31	134.25
08 16 31	140.98
08 23 31	137.62
08 30 31	139.41
09 06 31	129.19
09 13 31	121.3
09 20 31	110.83
09 27 31	104.39
10 04 31	86.48
10 11 31	100.24
10 18 31	103.45
10 25 31	106.37
11 01 31	104.5
11 08 31	116.79
11 15 31	104.75
11 22 31	96.6
11 29 31	93.87
12 06 31	90.11
12 13 31	77.22
12 20 31	78.08
12 27 31	73.84
01 03 32	71.59
01 10 32	80.44
01 17 32	81.44
01 24 32	78.65
01 31 32	79.62
02 07 32	73.44
02 14 32	82.18
02 21 32	80.25
02 28 32	81.44
03 06 32	87.16
03 13 32	81.12
03 20 32	79.9
03 27 32	75.09
04 03 32	71.19
04 10 32	62.04
04 17 32	60.85
04 24 32	58.92
05 01 32	55.37
05 08 32	57.04
05 15 32	53.96
05 22 32	52.98
05 29 32	44.74
06 05 32	49.32
06 12 32	48.11
06 19 32	47.8
06 26 32	42.93
07 03 32	43.47
07 10 32	42.99
07 17 32	44.07
07 24 32	49.78
07 31 32	54.94
08 07 32	67.71
08 14 32	66.5
08 21 32	70.87
08 28 32	75.22
09 04 32	77.28
09 11 32	72.33
09 18 32	65.06
09 25 32	71.06
10 02 32	71.21
10 09 32	58.47
10 16 32	62.69
10 23 32	61.03
10 30 32	61.9
11 06 32	64.58
11 13 32	65.57
11 20 32	63.65
11 27 32	59.17
12 04 32	56.53
12 11 32	61.48
12 18 32	60.08
12 25 32	57.6
01 01 33	59.29
01 08 33	62.31
01 15 33	61.62
01 22 33	61.46
01 29 33	60.77
02 05 33	58.07
02 12 33	56.57
02 19 33	54.26
02 26 33	50.16
03 05 33	53.84
03 12 33	62.1
03 19 33	59.9
03 26 33	56.53
04 02 33	55.69
04 09 33	62.1
04 16 33	61.59
04 23 33	73.69
04 30 33	77.79
05 07 33	76.62
05 14 33	79.69
05 21 33	79.94
05 28 33	90.02
06 04 33	91.89
06 11 33	96.75
06 18 33	95.99
06 25 33	98.49
07 02 33	103.77
07 09 33	104.08
07 16 33	108.27
07 23 33	94.28
07 30 33	90.77
08 06 33	92.55
08 13 33	96.53
08 20 33	100.17
08 27 33	104.71
09 03 33	100.22
09 10 33	103.59
09 17 33	105.3
09 24 33	98.03
10 01 33	92.99
10 08 33	99.72
10 15 33	90.49
10 22 33	88.13
10 29 33	88.43
11 05 33	92.5
11 12 33	95.98
11 19 33	101.28
11 26 33	95.77
12 03 33	98.89
12 10 33	101.94
12 17 33	97.2
12 24 33	96.3
12 31 33	100.36
01 07 34	96.73
01 14 34	103.19
01 21 34	105.09
01 28 34	107.9
02 04 34	110.74
02 11 34	106.1
02 18 34	107.53
02 25 34	103.12
03 04 34	105.02
03 11 34	104.23
03 18 34	99.68
03 25 34	100.95
04 01 34	101.96
04 08 34	103.54
04 15 34	103.56
04 22 34	105.92
04 29 34	100.49
05 06 34	95.5
05 13 34	91.81
05 20 34	95.75
05 27 34	95.56
06 03 34	92.73
06 10 34	97.82
06 17 34	100.42
06 24 34	95.79
07 01 34	94.8
07 08 34	97.04
07 15 34	97.04
07 22 34	91.98
07 29 34	88.17
08 05 34	88.11
08 12 34	91.8
08 19 34	90.44
08 26 34	94.46
09 02 34	92.3
09 09 34	89.27
09 16 34	86.69
09 23 34	90.45
09 30 34	90.41
10 07 34	92.5
10 14 34	94.16
10 21 34	94.78
10 28 34	92.53
11 04 34	96.06
11 11 34	99.19
11 18 34	99.89
11 25 34	103.08
12 02 34	101.92
12 09 34	102.75
12 16 34	100.92
12 23 34	100.69
12 30 34	104.04
01 06 35	105.88
01 13 35	102.75
01 20 35	103.35
01 27 35	101.5
02 03 35	101.56
02 10 35	102.42
02 17 35	107.17
02 24 35	103.14
03 03 35	102.58
03 10 35	99.39
03 17 35	97
03 24 35	99.5
03 31 35	101.23
04 07 35	102.65
04 14 35	105.93
04 21 35	110.27
04 28 35	109.91
05 05 35	110.53
05 12 35	114.23
05 19 35	114.67
05 26 35	116.74
06 02 35	111.45
06 09 35	115.89
06 16 35	118.67
06 23 35	120.04
06 30 35	118.81
07 07 35	122.55
07 14 35	121.71
07 21 35	124.1
07 28 35	126.56
08 04 35	126.06
08 11 35	128
08 18 35	126.33
08 25 35	128.99
09 01 35	127.27
09 08 35	132.48
09 15 35	132.91
09 22 35	129.55
09 29 35	131.92
10 06 35	130.75
10 13 35	135.03
10 20 35	138.95
10 27 35	140.78
11 03 35	141.06
11 10 35	142.56
11 17 35	147.06
11 24 35	144.72
12 01 35	140.72
12 08 35	144.1
12 15 35	139.11
12 22 35	140.58
12 29 35	143
01 05 36	143.11
01 12 36	146.5
01 19 36	144.06
01 26 36	147.3
02 02 36	150.63
02 09 36	151.14
02 16 36	151.39
02 23 36	152.74
03 01 36	154.08
03 08 36	153.5
03 15 36	153.25
03 22 36	157.62
03 29 36	155.37
04 05 36	161.99
04 12 36	160.75
04 19 36	152.39
04 26 36	147.05
05 03 36	146.95
05 10 36	146.85
05 17 36	150.35
05 24 36	150.83
05 31 36	152.84
06 07 36	151.39
06 14 36	155.09
06 21 36	159.13
06 28 36	158
07 05 36	157.11
07 12 36	161.35
07 19 36	164.43
07 26 36	166.92
08 02 36	165.32
08 09 36	168.8
08 16 36	165.38
08 23 36	163.78
08 30 36	166.29
09 06 36	169.55
09 13 36	166.86
09 20 36	168.9
09 27 36	168.79
10 04 36	172.81
10 11 36	176.29
10 18 36	177.42
10 25 36	172.3
11 01 36	176.67
11 08 36	183.65
11 15 36	182.65
11 22 36	178.62
11 29 36	183.22
12 06 36	180.13
12 13 36	181.87
12 20 36	175.85
12 27 36	177.12
01 03 37	177.72
01 10 37	183.26
01 17 37	184.25
01 24 37	185.62
01 31 37	186.61
02 07 37	187.82
02 14 37	188.39
02 21 37	186.5
02 28 37	187.68
03 07 37	192.69
03 14 37	189.41
03 21 37	179.82
03 28 37	184.09
04 04 37	184.19
04 11 37	179.74
04 18 37	180.82
04 25 37	171.97
05 02 37	174.59
05 09 37	173.04
05 16 37	167.84
05 23 37	175.59
05 30 37	171.59
06 06 37	173.88
06 13 37	165.51
06 20 37	167.98
06 27 37	166.71
07 04 37	176.8
07 11 37	178.7
07 18 37	182.06
07 25 37	184.42
08 01 37	186.91
08 08 37	186.75
08 15 37	189.34
08 22 37	181.88
08 29 37	177.88
09 05 37	164.39
09 12 37	158
09 19 37	155.56
09 26 37	152.03
10 03 37	152.19
10 10 37	138.79
10 17 37	125.73
10 24 37	134.43
10 31 37	135.94
11 07 37	123.98
11 14 37	129.22
11 21 37	114.19
11 28 37	121.58
12 05 37	126.21
12 12 37	122.83
12 19 37	129.08
12 26 37	123.45
01 02 38	120.56
01 09 38	133.55
01 16 38	132.49
01 23 38	129.89
01 30 38	121.87
02 06 38	121.39
02 13 38	125.96
02 20 38	129.39
02 27 38	129.64
03 06 38	125.38
03 13 38	123.68
03 20 38	120.29
03 27 38	107.25
04 03 38	105.58
04 10 38	112.93
04 17 38	118.99
04 24 38	116.23
05 01 38	110.09
05 08 38	119.43
05 15 38	115.38
05 22 38	113.96
05 29 38	107.74
06 05 38	113.19
06 12 38	111.87
06 19 38	118.61
06 26 38	130.48
07 03 38	136.5
07 10 38	134.56
07 17 38	140.39
07 24 38	144.91
07 31 38	140.37
08 07 38	144.33
08 14 38	136.98
08 21 38	140.92
08 28 38	137.06
09 04 38	141.47
09 11 38	140.19
09 18 38	134.1
09 25 38	129.91
10 02 38	144.29
10 09 38	149.55
10 16 38	150.81
10 23 38	154.12
10 30 38	151.73
11 06 38	154.91
11 13 38	155.6
11 20 38	150.25
11 27 38	146.14
12 04 38	147.47
12 11 38	148.64
12 18 38	150.38
12 25 38	150.43
01 01 39	153.64
01 08 39	150.19
01 15 39	148.25
01 22 39	141.31
01 29 39	141.56
02 05 39	145.03
02 12 39	144.13
02 19 39	142.74
02 26 39	146.62
03 05 39	148.84
03 12 39	150.79
03 19 39	141.28
03 26 39	141.14
04 02 39	132.25
04 09 39	124.03
04 16 39	127.37
04 23 39	127.34
04 30 39	127.83
05 07 39	131.67
05 14 39	132.64
05 21 39	132.45
05 28 39	137.8
06 04 39	137.06
06 11 39	139.13
06 18 39	136.39
06 25 39	135.09
07 02 39	131.93
07 09 39	133.79
07 16 39	142.58
07 23 39	144.18
07 30 39	143.25
08 06 39	140.75
08 13 39	140.18
08 20 39	132.81
08 27 39	134.66
09 03 39	148.12
09 10 39	155.12
09 17 39	147.78
09 24 39	152.64
10 01 39	151.41
10 08 39	149.89
10 15 39	150.84
10 22 39	153.7
10 29 39	153.2
11 05 39	151.45
11 12 39	149.06
11 19 39	151.69
11 26 39	148.59
12 03 39	146.34
12 10 39	147.05
12 17 39	149.22
12 24 39	149.25
12 31 39	151.43
01 07 40	151.34
01 14 40	141.64
01 21 40	145.13
01 28 40	146.25
02 04 40	145
02 11 40	148.78
02 18 40	148.45
02 25 40	146.44
03 03 40	146.43
03 10 40	148.14
03 17 40	145.59
03 24 40	146.25
03 31 40	147.72
04 07 40	151.29
04 14 40	149.72
04 21 40	148
04 28 40	148.41
05 05 40	147.33
05 12 40	137.63
05 19 40	122.43
05 26 40	116.35
06 02 40	114.73
06 09 40	111.84
06 16 40	122.8
06 23 40	123.75
06 30 40	121.12
07 07 40	121.63
07 14 40	121.71
07 21 40	122.06
07 28 40	123.15
08 04 40	126.44
08 11 40	127.25
08 18 40	122.06
08 25 40	125.71
09 01 40	129.74
09 08 40	129.73
09 15 40	129.44
09 22 40	135.1
09 29 40	132.64
10 06 40	133.5
10 13 40	130.73
10 20 40	131.37
10 27 40	131.75
11 03 40	135.2
11 10 40	137.41
11 17 40	134.74
11 24 40	131.95
12 01 40	130.93
12 08 40	131.45
12 15 40	131.06
12 22 40	128.41
12 29 40	131.04
01 05 41	132.83
01 12 41	133.25
01 19 41	129.24
01 26 41	129.03
02 02 41	122.67
02 09 41	124.19
02 16 41	119.18
02 23 41	121.49
03 02 41	120.88
03 09 41	123.64
03 16 41	123.46
03 23 41	122.39
03 30 41	122.71
04 06 41	123.64
04 13 41	118.89
04 20 41	116.06
04 27 41	116.63
05 04 41	115.84
05 11 41	117.14
05 18 41	116.15
05 25 41	115.73
06 01 41	116.18
06 08 41	120.16
06 15 41	121.95
06 22 41	123.96
06 29 41	123.14
07 06 41	126.16
07 13 41	127.89
07 20 41	129.5
07 27 41	130.06
08 03 41	128.17
08 10 41	126
08 17 41	125.62
08 24 41	125.86
08 31 41	128.31
09 07 41	127.5
09 14 41	127.2
09 21 41	127.64
09 28 41	126.05
10 05 41	125.83
10 12 41	121.81
10 19 41	120.13
10 26 41	119.43
11 02 41	118.87
11 09 41	117.45
11 16 41	116.2
11 23 41	117.3
11 30 41	113.5
12 07 41	112.52
12 14 41	111.15
12 21 41	106.59
12 28 41	107.56
01 04 42	114.21
01 11 42	110.65
01 18 42	110.81
01 25 42	110.68
02 01 42	109.46
02 08 42	108.12
02 15 42	107.31
02 22 42	106
03 01 42	105.75
03 08 42	102.09
03 15 42	100.68
03 22 42	101.2
03 29 42	100.04
04 05 42	102.5
04 12 42	99.44
04 19 42	97.25
04 26 42	93.89
05 03 42	96.7
05 10 42	99.2
05 17 42	98.65
05 24 42	99.18
05 31 42	101.37
06 07 42	105.55
06 14 42	104.41
06 21 42	102.77
06 28 42	103.17
07 05 42	106.1
07 12 42	108.22
07 19 42	107.98
07 26 42	106.66
08 02 42	106.08
08 09 42	104.91
08 16 42	106.68
08 23 42	107.25
08 30 42	106.33
09 06 42	107.62
09 13 42	106.15
09 20 42	107.27
09 27 42	109.57
10 04 42	111.93
10 11 42	115
10 18 42	113.64
10 25 42	115.29
11 01 42	114.68
11 08 42	117.3
11 15 42	115.7
11 22 42	114.46
11 29 42	114.5
12 06 42	115
12 13 42	115.83
12 20 42	118.66
12 27 42	118.5
01 03 43	120.25
01 10 43	119.95
01 17 43	121.56
01 24 43	123.74
01 31 43	125.86
02 07 43	125.56
02 14 43	128.6
02 21 43	128.78
02 28 43	129.44
03 07 43	130.56
03 14 43	130.64
03 21 43	129.44
03 28 43	136.1
04 04 43	136.44
04 11 43	131.25
04 18 43	133.45
04 25 43	134.34
05 02 43	137.43
05 09 43	138.64
05 16 43	136.98
05 23 43	138.84
05 30 43	142.43
06 06 43	141.81
06 13 43	139.09
06 20 43	138.79
06 27 43	143
07 04 43	143.75
07 11 43	144.62
07 18 43	144.74
07 25 43	142.06
08 01 43	134
08 08 43	135.18
08 15 43	137.08
08 22 43	135.05
08 29 43	135.73
09 05 43	137.59
09 12 43	137.81
09 19 43	141.75
09 26 43	139.41
10 03 43	139.63
10 10 43	136.61
10 17 43	138.39
10 24 43	138.22
10 31 43	138.5
11 07 43	131.68
11 14 43	131.56
11 21 43	132.64
11 28 43	129.95
12 05 43	132.45
12 12 43	134.8
12 19 43	136.1
12 26 43	136.14
01 02 44	135.92
01 09 44	137.8
01 16 44	138.1
01 23 44	137.97
01 30 44	137.39
02 06 44	134.22
02 13 44	135.39
02 20 44	135.7
02 27 44	136.79
03 05 44	137.2
03 12 44	141
03 19 44	139.89
03 26 44	139.12
04 02 44	138
04 09 44	139.11
04 16 44	137.75
04 23 44	135
04 30 44	137.06
05 07 44	138.64
05 14 44	138.6
05 21 44	139.43
05 28 44	141.53
06 04 44	141.62
06 11 44	144.08
06 18 44	148.42
06 25 44	148.12
07 02 44	149.31
07 09 44	150.5
07 16 44	149.28
07 23 44	145.75
07 30 44	146.11
08 06 44	145.31
08 13 44	146.75
08 20 44	148.5
08 27 44	146.87
09 03 44	146.56
09 10 44	144.3
09 17 44	144.75
09 24 44	146.75
10 01 44	146.92
10 08 44	148.06
10 15 44	148.09
10 22 44	146.56
10 29 44	146.28
11 05 44	147.92
11 12 44	146.97
11 19 44	146.33
11 26 44	146.92
12 03 44	148.22
12 10 44	151.62
12 17 44	151.53
12 24 44	149.66
12 31 44	152.58
01 07 45	154.85
01 14 45	154.75
01 21 45	152.03
01 28 45	154.06
02 04 45	155.35
02 11 45	156.34
02 18 45	159
02 25 45	158.41
03 04 45	160.68
03 11 45	157.88
03 18 45	157.89
03 25 45	152.25
04 01 45	155.86
04 08 45	156.1
04 15 45	162.43
04 22 45	163.58
04 29 45	165.44
05 06 45	166.53
05 13 45	163.45
05 20 45	165.99
05 27 45	168.21
06 03 45	168.08
06 10 45	166.25
06 17 45	166.94
06 24 45	168.59
07 01 45	165.91
07 08 45	166.55
07 15 45	165.82
07 22 45	161.64
07 29 45	162.09
08 05 45	163.19
08 12 45	164.11
08 19 45	163.11
08 26 45	171.96
09 02 45	173.9
09 09 45	177.03
09 16 45	174.75
09 23 45	179.51
09 30 45	183.37
10 07 45	185.46
10 14 45	185.51
10 21 45	187.06
10 28 45	184.24
11 04 45	189.5
11 11 45	190.56
11 18 45	191.51
11 25 45	188.16
12 02 45	193.65
12 09 45	195.64
12 16 45	190.37
12 23 45	192.76
12 30 45	192.91
01 06 46	191.76
01 13 46	201.93
01 20 46	196.63
01 27 46	204.62
02 03 46	205.84
02 10 46	201.14
02 17 46	201.63
02 24 46	187.23
03 03 46	188.46
03 10 46	192.89
03 17 46	195.33
03 24 46	200.55
03 31 46	199.19
04 07 46	205.43
04 14 46	206.01
04 21 46	207.99
04 28 46	206.09
05 05 46	200.65
05 12 46	207.34
05 19 46	207.13
05 26 46	209.42
06 02 46	211.47
06 09 46	210.68
06 16 46	210.13
06 23 46	203.56
06 30 46	206.47
07 07 46	206.63
07 14 46	200.86
07 21 46	200.54
07 28 46	198.22
08 04 46	201.93
08 11 46	203.36
08 18 46	200.19
08 25 46	196.99
09 01 46	178.68
09 08 46	172.03
09 15 46	174.45
09 22 46	166.56
09 29 46	172.42
10 06 46	168.87
10 13 46	169.86
10 20 46	171.93
10 27 46	166.04
11 03 46	174.4
11 10 46	170.87
11 17 46	167.91
11 24 46	165.23
12 01 46	167.5
12 08 46	175.76
12 15 46	174.85
12 22 46	177.36
12 29 46	176.23
01 05 47	178.43
01 12 47	176.49
01 19 47	174.06
01 26 47	177.28
02 02 47	181.92
02 09 47	183.57
02 16 47	182.2
02 23 47	181.4
03 02 47	179.43
03 09 47	175.18
03 16 47	173.35
03 23 47	176.4
03 30 47	177.2
04 06 47	175.19
04 13 47	166.69
04 20 47	169.5
04 27 47	168.85
05 04 47	174.21
05 11 47	169.8
05 18 47	163.55
05 25 47	166.2
06 01 47	168
06 08 47	169.88
06 15 47	175.81
06 22 47	177.44
06 29 47	177.3
07 06 47	182.04
07 13 47	185.6
07 20 47	183.51
07 27 47	184.95
08 03 47	182.51
08 10 47	178.98
08 17 47	180.44
08 24 47	177.57
08 31 47	179.81
09 07 47	175.14
09 14 47	175.3
09 21 47	178.01
09 28 47	175.85
10 05 47	180.08
10 12 47	182.73
10 19 47	185.29
10 26 47	183.26
11 02 47	182.65
11 09 47	182.21
11 16 47	180.4
11 23 47	181.98
11 30 47	180.61
12 07 47	176.71
12 14 47	179.69
12 21 47	180.21
12 28 47	178.58
01 04 48	179.53
01 11 48	179.33
01 18 48	175.95
01 25 48	171.18
02 01 48	174.92
02 08 48	169.82
02 15 48	168.3
02 22 48	167.8
02 29 48	168.14
03 07 48	167.71
03 14 48	167.62
03 21 48	173.66
03 28 48	173.65
04 04 48	177.92
04 11 48	179.05
04 18 48	181.05
04 25 48	181.32
05 02 48	181.09
05 09 48	182.94
05 16 48	190.44
05 23 48	189.82
05 30 48	191.18
06 06 48	190.13
06 13 48	192.86
06 20 48	189.71
06 27 48	187.9
07 04 48	190.55
07 11 48	191.47
07 18 48	181.2
07 25 48	184.17
08 01 48	181.13
08 08 48	182.26
08 15 48	180.3
08 22 48	181.75
08 29 48	182.09
09 05 48	185.36
09 12 48	179.38
09 19 48	177.37
09 26 48	175.99
10 03 48	181.7
10 10 48	182.41
10 17 48	185.33
10 24 48	189.51
10 31 48	189.76
11 07 48	178.19
11 14 48	176.01
11 21 48	176.33
11 28 48	171.99
12 05 48	176.26
12 12 48	177.34
12 19 48	176.84
12 26 48	177.4
01 02 49	175.03
01 09 49	180.57
01 16 49	180.14
01 23 49	180.83
01 30 49	179.12
02 06 49	174.43
02 13 49	172.16
02 20 49	174.19
02 27 49	173.06
03 06 49	175.55
03 13 49	176.98
03 20 49	175.61
03 27 49	175.99
04 03 49	176.59
04 10 49	176.54
04 17 49	177.16
04 24 49	173.64
05 01 49	174.53
05 08 49	175.17
05 15 49	175.76
05 22 49	172.32
05 29 49	168.36
06 05 49	165.15
06 12 49	161.6
06 19 49	165.49
06 26 49	166.79
07 03 49	169.01
07 10 49	170.81
07 17 49	174.04
07 24 49	175.12
07 31 49	176.84
08 07 49	180.54
08 14 49	178.09
08 21 49	180.53
08 28 49	177.75
09 04 49	179.2
09 11 49	181.15
09 18 49	181.42
09 25 49	180.86
10 02 49	182.67
10 09 49	185.15
10 16 49	184.72
10 23 49	186.54
10 30 49	189.54
11 06 49	190.89
11 13 49	187.26
11 20 49	192.35
11 27 49	192.24
12 04 49	194.74
12 11 49	196.17
12 18 49	198.17
12 25 49	198.28
01 01 50	198.89
01 08 50	201.98
01 15 50	197.17
01 22 50	200.42
01 29 50	201.39
02 05 50	204.59
02 12 50	202.01
02 19 50	203.47
02 26 50	204.33
03 05 50	204.88
03 12 50	203.09
03 19 50	207.78
03 26 50	209.1
04 02 50	208.43
04 09 50	212.29
04 16 50	214.41
04 23 50	212.58
04 30 50	215.81
05 07 50	216.71
05 14 50	218.04
05 21 50	221.55
05 28 50	222.47
06 04 50	221.76
06 11 50	228.38
06 18 50	222.09
06 25 50	213.91
07 02 50	208.35
07 09 50	208.09
07 16 50	197.63
07 23 50	206.95
07 30 50	209.4
08 06 50	215.82
08 13 50	215.31
08 20 50	220.21
08 27 50	218.55
09 03 50	220.01
09 10 50	218.1
09 17 50	226.76
09 24 50	226.06
10 01 50	228.93
10 08 50	230.01
10 15 50	227.5
10 22 50	230.62
10 29 50	226.42
11 05 50	222.51
11 12 50	229.43
11 19 50	231.53
11 26 50	234.96
12 03 50	222.33
12 10 50	229.18
12 17 50	231.01
12 24 50	229.65
12 31 50	239.92
01 07 51	242.29
01 14 51	245.01
01 21 51	244.33
01 28 51	248.63
02 04 51	255.17
02 11 51	255.71
02 18 51	251.67
02 25 51	253.18
03 04 51	251.82
03 11 51	249.88
03 18 51	248.08
03 25 51	249.13
04 01 51	246.63
04 08 51	250.57
04 15 51	254.85
04 22 51	255.12
04 29 51	259.13
05 06 51	261.23
05 13 51	256.08
05 20 51	249.98
05 27 51	247.03
06 03 51	246.79
06 10 51	251.56
06 17 51	253.8
06 24 51	245.3
07 01 51	243.98
07 08 51	250.65
07 15 51	252.31
07 22 51	255.68
07 29 51	260.7
08 05 51	265.21
08 12 51	263.06
08 19 51	266.19
08 26 51	265.59
09 02 51	270.63
09 09 51	275.25
09 16 51	275.09
09 23 51	270.76
09 30 51	272.56
10 07 51	275.13
10 14 51	275.74
10 21 51	262.28
10 28 51	260.43
11 04 51	259.76
11 11 51	260.41
11 18 51	259.7
11 25 51	257.44
12 02 51	263.24
12 09 51	267.38
12 16 51	265.78
12 23 51	265.78
12 30 51	269.23
01 06 52	270.34
01 13 52	271.59
01 20 52	274.1
01 27 52	274.16
02 03 52	269.78
02 10 52	269.45
02 17 52	265.35
02 24 52	260.58
03 02 52	260.08
03 09 52	262.76
03 16 52	264.08
03 23 52	265.6
03 30 52	269.46
04 06 52	263.38
04 13 52	264.1
04 20 52	261.63
04 27 52	259.95
05 04 52	261.53
05 11 52	261.72
05 18 52	260.06
05 25 52	264.22
06 01 52	262.31
06 08 52	269.15
06 15 52	267.83
06 22 52	269.5
06 29 52	274.26
07 06 52	274.2
07 13 52	275.08
07 20 52	274.91
07 27 52	277.94
08 03 52	279.87
08 10 52	280.28
08 17 52	274.31
08 24 52	273.57
08 31 52	276.4
09 07 52	275.87
09 14 52	268.38
09 21 52	270.76
09 28 52	271.73
10 05 52	270
10 12 52	270.43
10 19 52	266.63
10 26 52	265.9
11 02 52	270.23
11 09 52	273.47
11 16 52	274.45
11 23 52	281.08
11 30 52	283.7
12 07 52	283.62
12 14 52	285.99
12 21 52	288.01
12 28 52	289.65
01 04 53	293.78
01 11 53	285.24
01 18 53	286.97
01 25 53	286.53
02 01 53	290.03
02 08 53	281.96
02 15 53	282.18
02 22 53	282.99
03 01 53	284.71
03 08 53	284.9
03 15 53	289.51
03 22 53	287.38
03 29 53	283.07
04 05 53	274.1
04 12 53	274.73
04 19 53	275.99
04 26 53	272.7
05 03 53	278.34
05 10 53	278.78
05 17 53	277.9
05 24 53	277.47
05 31 53	268.4
06 07 53	267.91
06 14 53	263.87
06 21 53	267.26
06 28 53	268.2
07 05 53	270.88
07 12 53	268.51
07 19 53	269.74
07 26 53	268.46
08 02 53	276.13
08 09 53	275.32
08 16 53	275.03
08 23 53	268.7
08 30 53	261.22
09 06 53	265.41
09 13 53	255.49
09 20 53	258.01
09 27 53	264.78
10 04 53	265.48
10 11 53	266.09
10 18 53	273.31
10 25 53	274.43
11 01 53	276.72
11 08 53	278.26
11 15 53	275.93
11 22 53	275.41
11 29 53	281.37
12 06 53	282
12 13 53	279.26
12 20 53	282.99
12 27 53	279.91
01 03 54	282.88
01 10 54	279.87
01 17 54	286.03
01 24 54	290.4
01 31 54	291.84
02 07 54	293.58
02 14 54	292.53
02 21 54	290.03
02 28 54	296.53
03 07 54	298.63
03 14 54	298.88
03 21 54	301.6
03 28 54	300.06
04 04 54	307.03
04 11 54	309.19
04 18 54	311.78
04 25 54	314.53
05 02 54	319.35
05 09 54	321.32
05 16 54	323.33
05 23 54	326.09
05 30 54	328.67
06 06 54	327.96
06 13 54	322.65
06 20 54	328.56
06 27 54	336.12
07 04 54	341.12
07 11 54	340.91
07 18 54	338.64
07 25 54	343.39
08 01 54	349.57
08 08 54	340.87
08 15 54	349.61
08 22 54	347.64
08 29 54	341.25
09 05 54	345.37
09 12 54	351.1
09 19 54	353.48
09 26 54	362.26
10 03 54	362.73
10 10 54	361.43
10 17 54	354.35
10 24 54	356.34
10 31 54	353.96
11 07 54	369.46
11 14 54	376.74
11 21 54	379.47
11 28 54	388.51
12 05 54	392.48
12 12 54	389.78
12 19 54	397.32
12 26 54	393.88
01 02 55	408.89
01 09 55	400.89
01 16 55	388.2
01 23 55	396
01 30 55	408.83
02 06 55	409.59
02 13 55	411.39
02 20 55	411.27
02 27 55	411.87
03 06 55	416.84
03 13 55	391.36
03 20 55	402.4
03 27 55	412.91
04 03 55	412.97
04 10 55	418.77
04 17 55	428.42
04 24 55	426.86
05 01 55	426.3
05 08 55	424.32
05 15 55	415.01
05 22 55	420.32
05 29 55	424.86
06 05 55	431.49
06 12 55	440.17
06 19 55	444.37
06 26 55	449.86
07 03 55	459.42
07 10 55	464.24
07 17 55	460.07
07 24 55	468.02
07 31 55	460.25
08 07 55	454.02
08 14 55	456.09
08 21 55	452.55
08 28 55	454.37
09 04 55	476.24
09 11 55	476.51
09 18 55	483.8
09 25 55	455.56
10 02 55	455.7
10 09 55	441.14
10 16 55	446.12
10 23 55	460.8
10 30 55	454.87
11 06 55	470.58
11 13 55	484.87
11 20 55	477.3
11 27 55	480.96
12 04 55	487.16
12 11 55	483.72
12 18 55	481.8
12 25 55	485.81
01 01 56	485.77
01 08 56	479.74
01 15 56	476.24
01 22 56	462.35
01 29 56	467.56
02 05 56	478.57
02 12 56	467.17
02 19 56	476.46
02 26 56	485
03 04 56	491.68
03 11 56	500.24
03 18 56	509.76
03 25 56	512.42
04 01 56	515.08
04 08 56	518.52
04 15 56	509.15
04 22 56	507.27
04 29 56	516.12
05 06 56	512.89
05 13 56	497.27
05 20 56	491.62
05 27 56	468.81
06 03 56	483.22
06 10 56	479.41
06 17 56	483.91
06 24 56	486.43
07 01 56	491.92
07 08 56	506.52
07 15 56	512.98
07 22 56	513.61
07 29 56	513.42
08 05 56	513.88
08 12 56	514.4
08 19 56	511.24
08 26 56	505.7
09 02 56	507.66
09 09 56	505.56
09 16 56	498.76
09 23 56	487.7
09 30 56	468.7
10 07 56	483.37
10 14 56	489.4
10 21 56	485.27
10 28 56	486.94
11 04 56	495.37
11 11 56	487.05
11 18 56	474.56
11 25 56	470.27
12 02 56	480.61
12 09 56	493.18
12 16 56	493.75
12 23 56	496.74
12 30 56	499.47
01 06 57	498.22
01 13 57	489.27
01 20 57	475.9
01 27 57	474.59
02 03 57	477.19
02 10 57	457.44
02 17 57	467.49
02 24 57	466.9
03 03 57	471.48
03 10 57	469.5
03 17 57	472.3
03 24 57	471.51
03 31 57	474.98
04 07 57	479.02
04 14 57	485.84
04 21 57	488.77
04 28 57	493.95
05 05 57	496.32
05 12 57	502.2
05 19 57	505.98
05 26 57	499.21
06 02 57	503.76
06 09 57	503.76
06 16 57	513.19
06 23 57	497.08
06 30 57	503.29
07 07 57	518.41
07 14 57	520.16
07 21 57	515.32
07 28 57	508.25
08 04 57	500.78
08 11 57	492.32
08 18 57	478.95
08 25 57	470.14
09 01 57	486.13
09 08 57	474.28
09 15 57	478.08
09 22 57	458.96
09 29 57	456.3
10 06 57	452.42
10 13 57	443.77
10 20 57	423.06
10 27 57	432.14
11 03 57	434.02
11 10 57	434.94
11 17 57	434.96
11 24 57	444.37
12 01 57	446.91
12 08 57	443.76
12 15 57	433.4
12 22 57	428.08
12 29 57	431.77
01 05 58	442.56
01 12 58	439.71
01 19 58	447.27
01 26 58	448.46
02 02 58	453.98
02 09 58	445.94
02 16 58	442.27
02 23 58	437.19
03 02 58	443.37
03 09 58	451.9
03 16 58	448.23
03 23 58	453.75
03 30 58	446.76
04 06 58	440.09
04 13 58	443.76
04 20 58	450.72
04 27 58	454.51
05 04 58	461.12
05 11 58	460.74
05 18 58	455.98
05 25 58	461.06
06 01 58	466.11
06 08 58	469.46
06 15 58	476.56
06 22 58	471.66
06 29 58	478.18
07 06 58	481.84
07 13 58	476.89
07 20 58	493.36
07 27 58	502.81
08 03 58	505.43
08 10 58	512.42
08 17 58	502.67
08 24 58	508.27
08 31 58	511.77
09 07 58	515.23
09 14 58	523.4
09 21 58	524.01
09 28 58	529.02
10 05 58	536.27
10 12 58	545.95
10 19 58	544.19
10 26 58	535
11 02 58	545.16
11 09 58	557.72
11 16 58	567.44
11 23 58	544.89
11 30 58	560.07
12 07 58	556.07
12 14 58	563.98
12 21 58	571.32
12 28 58	577.31
01 04 59	590.17
01 11 59	592.64
01 18 59	594.4
01 25 59	592.37
02 01 59	592.23
02 08 59	574.46
02 15 59	587.91
02 22 59	602.91
03 01 59	605.02
03 08 59	609.96
03 15 59	607.88
03 22 59	605.56
03 29 59	602.65
04 05 59	611.16
04 12 59	607.76
04 19 59	627.07
04 26 59	629.87
05 03 59	625.06
05 10 59	625.02
05 17 59	633.52
05 24 59	632.33
05 31 59	643.51
06 07 59	621.62
06 14 59	624.57
06 21 59	631.71
06 28 59	643.06
07 05 59	660.09
07 12 59	657.35
07 19 59	654.52
07 26 59	669.07
08 02 59	678.1
08 09 59	653.77
08 16 59	658.42
08 23 59	653.22
08 30 59	664.41
09 06 59	642.69
09 13 59	633.77
09 20 59	618.15
09 27 59	636.47
10 04 59	637.01
10 11 59	638.55
10 18 59	639.66
10 25 59	637.61
11 01 59	645.46
11 08 59	650.92
11 15 59	634.46
11 22 59	646.75
11 29 59	659.18
12 06 59	665.67
12 13 59	675.07
12 20 59	675.92
12 27 59	669.77
01 03 60	679.06
01 10 60	667.16
01 17 60	653.86
01 24 60	639.07
01 31 60	626.2
02 07 60	619.43
02 14 60	617.57
02 21 60	626.19
02 28 60	630.13
03 06 60	604.02
03 13 60	606.77
03 20 60	617
03 27 60	621.77
04 03 60	618.52
04 10 60	624.89
04 17 60	630.77
04 24 60	611.13
05 01 60	599.61
05 08 60	607.48
05 15 60	617.39
05 22 60	623.66
05 29 60	625.5
06 05 60	636.92
06 12 60	655.85
06 19 60	647.52
06 26 60	642.49
07 03 60	641.3
07 10 60	640.44
07 17 60	626
07 24 60	601.68
07 31 60	617.83
08 07 60	614.77
08 14 60	624.17
08 21 60	630.71
08 28 60	634.46
09 04 60	620.83
09 11 60	609.33
09 18 60	586.76
09 25 60	577.14
10 02 60	577.81
10 09 60	587.31
10 16 60	593.32
10 23 60	571.93
10 30 60	580.36
11 06 60	597.63
11 13 60	604.8
11 20 60	604.52
11 27 60	605.43
12 04 60	593.49
12 11 60	611.94
12 18 60	615.56
12 25 60	613.38
01 01 61	610.25
01 08 61	624.42
01 15 61	633.19
01 22 61	639.82
01 29 61	650.64
02 05 61	645.65
02 12 61	637.02
02 19 61	653.65
02 26 61	660.44
03 05 61	674.46
03 12 61	664.44
03 19 61	678.84
03 26 61	671.03
04 02 61	677.59
04 09 61	692.06
04 16 61	696.72
04 23 61	672.66
04 30 61	677.05
05 07 61	689.07
05 14 61	692.37
05 21 61	702.44
05 28 61	696.72
06 04 61	703.43
06 11 61	696.76
06 18 61	680.68
06 25 61	681.16
07 02 61	689.81
07 09 61	693.16
07 16 61	684.59
07 23 61	682.14
07 30 61	705.37
08 06 61	719.57
08 13 61	718.93
08 20 61	724.75
08 27 61	716.01
09 03 61	718.72
09 10 61	714.36
09 17 61	711.24
09 24 61	691.86
10 01 61	699.82
10 08 61	705.42
10 15 61	703.15
10 22 61	698.98
10 29 61	701.09
11 05 61	714.6
11 12 61	728.43
11 19 61	730.09
11 26 61	731.99
12 03 61	731.22
12 10 61	732.56
12 17 61	727.71
12 24 61	723.09
12 31 61	724.71
01 07 62	708.98
01 14 62	709.5
01 21 62	701.98
01 28 62	689.92
02 04 62	706.14
02 11 62	714.92
02 18 62	714.36
02 25 62	706.22
03 04 62	709.99
03 11 62	714.68
03 18 62	720.38
03 25 62	710.67
04 01 62	705.42
04 08 62	692.96
04 15 62	684.06
04 22 62	694.61
04 29 62	665.32
05 06 62	670.99
05 13 62	646.2
05 20 62	648.57
05 27 62	576.93
06 03 62	593.68
06 10 62	595.17
06 17 62	574.21
06 24 62	536.77
07 01 62	573.75
07 08 62	580.82
07 15 62	588.08
07 22 62	577.47
07 29 62	591.44
08 05 62	593.24
08 12 62	595.27
08 19 62	612.86
08 26 62	612.57
09 02 62	602.55
09 09 62	602.02
09 16 62	607.63
09 23 62	582.91
09 30 62	571.95
10 07 62	586.07
10 14 62	586.69
10 21 62	568.58
10 28 62	579.33
11 04 62	610.48
11 11 62	624.41
11 18 62	626.21
11 25 62	642.06
12 02 62	646.41
12 09 62	645.07
12 16 62	645.49
12 23 62	647.71
12 30 62	652.08
01 06 63	662.14
01 13 63	675.74
01 20 63	675.24
01 27 63	682.89
02 03 63	682.01
02 10 63	674.74
02 17 63	688.96
02 24 63	674.61
03 03 63	667.04
03 10 63	674.02
03 17 63	673.56
03 24 63	678.17
03 31 63	685.86
04 07 63	706.03
04 14 63	711.38
04 21 63	711.01
04 28 63	715.11
05 05 63	713.77
05 12 63	723.01
05 19 63	720.18
05 26 63	718.25
06 02 63	726.27
06 09 63	716.49
06 16 63	718.21
06 23 63	718.42
06 30 63	701.35
07 07 63	710.66
07 14 63	703.28
07 21 63	688.74
07 28 63	690.71
08 04 63	702.55
08 11 63	710.27
08 18 63	718.81
08 25 63	724.17
09 01 63	732.02
09 08 63	732.92
09 15 63	738.46
09 22 63	740.43
09 29 63	732.79
10 06 63	743.86
10 13 63	741.84
10 20 63	752.31
10 27 63	759.39
11 03 63	749.22
11 10 63	753.77
11 17 63	734.85
11 24 63	743.52
12 01 63	751.91
12 08 63	759.07
12 15 63	761.64
12 22 63	758.3
12 29 63	759.9
01 05 64	769.51
01 12 64	773.12
01 19 64	773.03
01 26 64	785.34
02 02 64	784.72
02 09 64	788.71
02 16 64	796.19
02 23 64	797.12
03 01 64	802.75
03 08 64	807.18
03 15 64	816.48
03 22 64	813.6
03 29 64	815.29
04 05 64	824.75
04 12 64	821.3
04 19 64	824.54
04 26 64	811.87
05 03 64	823.82
05 10 64	827.07
05 17 64	821.3
05 24 64	820.25
05 31 64	818.56
06 07 64	800.31
06 14 64	813.56
06 21 64	826.38
06 28 64	830.94
07 05 64	844.24
07 12 64	845.55
07 19 64	849.39
07 26 64	841.05
08 02 64	840.35
08 09 64	829.35
08 16 64	840.21
08 23 64	837.3
08 30 64	838.48
09 06 64	851.91
09 13 64	866.24
09 20 64	871.57
09 27 64	875.46
10 04 64	877.15
10 11 64	877.57
10 18 64	876.21
10 25 64	877.02
11 01 64	875.5
11 08 64	874.57
11 15 64	880.1
11 22 64	889.29
11 29 64	875.43
12 06 64	873.99
12 13 64	860.65
12 20 64	869.74
12 27 64	867
01 03 65	869.78
01 10 65	883.2
01 17 65	895.21
01 24 65	896.46
01 31 65	903.68
02 07 65	897.89
02 14 65	885.32
02 21 65	891.96
02 28 65	899.75
03 07 65	896.84
03 14 65	899.65
03 21 65	896.12
03 28 65	887.82
04 04 65	893.23
04 11 65	906.36
04 18 65	912.75
04 25 65	916.86
05 02 65	922.11
05 09 65	931.47
05 16 65	930.67
05 23 65	914.21
05 30 65	908.53
06 06 65	902.15
06 13 65	868.71
06 20 65	874.12
06 27 65	840.59
07 04 65	873.18
07 11 65	877.96
07 18 65	880.25
07 25 65	867.25
08 01 65	881.85
08 08 65	879.77
08 15 65	891.13
08 22 65	887.07
08 29 65	895.63
09 05 65	910.11
09 12 65	920.92
09 19 65	931.18
09 26 65	937.88
10 03 65	930.86
10 10 65	942.65
10 17 65	945.84
10 24 65	948.14
10 31 65	961.13
11 07 65	953.95
11 14 65	955.9
11 21 65	946.38
11 28 65	946.93
12 05 65	939.53
12 12 65	951.55
12 19 65	952.22
12 26 65	959.79
01 02 66	968.54
01 09 66	985.41
01 16 66	989.75
01 23 66	991.42
01 30 66	983.5
02 06 66	989.69
02 13 66	987.69
02 20 66	966.48
02 27 66	951.89
03 06 66	917.75
03 13 66	917.09
03 20 66	929.17
03 27 66	932.62
04 03 66	937.86
04 10 66	942.42
04 17 66	941.98
04 24 66	950.55
05 01 66	931.95
05 08 66	886.8
05 15 66	867.53
05 22 66	882.46
05 29 66	884.07
06 05 66	881.68
06 12 66	897.6
06 19 66	892.75
06 26 66	888.97
07 03 66	875.27
07 10 66	893.09
07 17 66	888.41
07 24 66	852.82
07 31 66	835.18
08 07 66	849.05
08 14 66	834.85
08 21 66	792.03
08 28 66	767.03
09 04 66	782.34
09 11 66	790.59
09 18 66	810.85
09 25 66	792.7
10 02 66	757.96
10 09 66	754.51
10 16 66	778.89
10 23 66	787.75
10 30 66	807.07
11 06 66	802.22
11 13 66	813.75
11 20 66	798.16
11 27 66	801.16
12 04 66	791.59
12 11 66	820.54
12 18 66	798.99
12 25 66	792.2
01 01 67	786.41
01 08 67	813.47
01 15 67	833.24
01 22 67	847.72
01 29 67	848.11
02 05 67	855.12
02 12 67	853.34
02 19 67	847.88
02 26 67	836.64
03 05 67	842.2
03 12 67	844.82
03 19 67	870.43
03 26 67	873.72
04 02 67	859.97
04 09 67	842.43
04 16 67	866.59
04 23 67	887.53
04 30 67	892.93
05 07 67	909.63
05 14 67	882.41
05 21 67	871.05
05 28 67	864.98
06 04 67	847.77
06 11 67	878.93
06 18 67	884.54
06 25 67	872.11
07 02 67	859.69
07 09 67	875.52
07 16 67	882.74
07 23 67	904.53
07 30 67	904.24
08 06 67	920.37
08 13 67	916.32
08 20 67	912.27
08 27 67	894.71
09 03 67	904.13
09 10 67	909.62
09 17 67	938.74
09 24 67	943.07
10 01 67	921
10 08 67	933.11
10 15 67	908.52
10 22 67	894.65
10 29 67	886.63
11 05 67	855.29
11 12 67	859.74
11 19 67	857.78
11 26 67	882.11
12 03 67	883.5
12 10 67	882.05
12 17 67	881.65
12 24 67	888.12
12 31 67	906.84
01 07 68	908.92
01 14 68	892.74
01 21 68	871.71
01 28 68	863.67
02 04 68	861.13
02 11 68	831.77
02 18 68	838.65
02 25 68	841.77
03 03 68	830.55
03 10 68	843.04
03 17 68	840.09
03 24 68	827.27
03 31 68	861.25
04 07 68	884.42
04 14 68	910.19
04 21 68	891.99
04 28 68	908.34
05 05 68	914.53
05 12 68	909.96
05 19 68	894.19
05 26 68	891.6
06 02 68	905.38
06 09 68	913.38
06 16 68	903.45
06 23 68	901.82
06 30 68	896.35
07 07 68	912.6
07 14 68	923.72
07 21 68	900.32
07 28 68	883.36
08 04 68	872.53
08 11 68	881.02
08 18 68	887.68
08 25 68	896.13
09 01 68	900.36
09 08 68	924.98
09 15 68	921.37
09 22 68	930.45
09 29 68	935.79
10 06 68	956.68
10 13 68	949.96
10 20 68	967.49
10 27 68	957.73
11 03 68	946.23
11 10 68	964.2
11 17 68	963.7
11 24 68	971.35
12 01 68	983.34
12 08 68	979.39
12 15 68	976.32
12 22 68	953.75
12 29 68	945.11
01 05 69	936.66
01 12 69	923.11
01 19 69	931.25
01 26 69	937.47
02 02 69	946.85
02 09 69	948.97
02 16 69	937.72
02 23 69	903.97
03 02 69	908.63
03 09 69	917.14
03 16 69	904.03
03 23 69	917.07
03 30 69	933.07
04 06 69	918.78
04 13 69	932.64
04 20 69	917.5
04 27 69	925.07
05 04 69	958.95
05 11 69	957.86
05 18 69	959.02
05 25 69	946.94
06 01 69	933.17
06 08 69	918.05
06 15 69	891.16
06 22 69	807.86
06 29 69	873.19
07 06 69	883.21
07 13 69	843.14
07 20 69	834.02
07 27 69	806.23
08 03 69	822.57
08 10 69	819.82
08 17 69	827.68
08 24 69	831.44
08 31 69	837.78
09 07 69	811.84
09 14 69	830.45
09 21 69	831.77
09 28 69	818.04
10 05 69	809.4
10 12 69	819.3
10 19 69	839.23
10 26 69	860.28
11 02 69	854.54
11 09 69	863.05
11 16 69	842.53
11 23 69	812.9
11 30 69	805.04
12 07 69	785.04
12 14 69	784.05
12 21 69	785.97
12 28 69	792.37
01 04 70	811.31
01 11 70	790.52
01 18 70	776.07
01 25 70	768.88
02 01 70	746.44
02 08 70	755.68
02 15 70	753.7
02 22 70	754.42
03 01 70	780.23
03 08 70	778.31
03 15 70	765.05
03 22 70	763.6
03 29 70	784.65
04 05 70	791.18
04 12 70	785.9
04 19 70	775.87
04 26 70	735.15
05 03 70	714.56
05 10 70	710.07
05 17 70	702.81
05 24 70	641.36
05 31 70	710.36
06 07 70	700.23
06 14 70	687.36
06 21 70	716.11
06 28 70	682.91
07 05 70	675.66
07 12 70	702.22
07 19 70	733.91
07 26 70	730.07
08 02 70	722.96
08 09 70	713.92
08 16 70	709.06
08 23 70	759.57
08 30 70	764.57
09 06 70	773.14
09 13 70	756.12
09 20 70	751.92
09 27 70	758.97
10 04 70	776.7
10 11 70	764.24
10 18 70	756.5
10 25 70	756.43
11 01 70	758.01
11 08 70	777.66
11 15 70	760.13
11 22 70	767.52
11 29 70	794.29
12 06 70	818.66
12 13 70	823.18
12 20 70	821.54
12 27 70	830.91
01 03 71	830.57
01 10 71	837.21
01 17 71	847.82
01 24 71	865.62
01 31 71	877.8
02 07 71	882.12
02 14 71	890.05
02 21 71	868.98
02 28 71	882.53
03 07 71	898.62
03 14 71	908.2
03 21 71	910.6
03 28 71	903.48
04 04 71	905.07
04 11 71	926.64
04 18 71	948.85
04 25 71	944
05 02 71	932.41
05 09 71	932.55
05 16 71	921.3
05 23 71	913.15
05 30 71	913.65
06 06 71	923.05
06 13 71	907.71
06 20 71	876.53
06 27 71	873.1
07 04 71	892.3
07 11 71	903.4
07 18 71	886.39
07 25 71	888.87
08 01 71	864.92
08 08 71	842.65
08 15 71	888.95
08 22 71	892.38
08 29 71	901.43
09 05 71	916.47
09 12 71	909.39
09 19 71	905.15
09 26 71	883.47
10 03 71	895.66
10 10 71	891.94
10 17 71	872.44
10 24 71	848.5
10 31 71	825.86
11 07 71	837.54
11 14 71	810.53
11 21 71	803.15
11 28 71	855.72
12 05 71	855.72
12 12 71	858.79
12 19 71	885
12 26 71	881.47
01 02 72	889.3
01 09 72	907.96
01 16 72	911.12
01 23 72	896.82
01 30 72	902.17
02 06 72	903.97
02 13 72	910.9
02 20 72	913.46
02 27 72	924.29
03 05 72	950.18
03 12 72	928.66
03 19 72	941.15
03 26 72	939.72
04 02 72	940.92
04 09 72	958.07
04 16 72	966.59
04 23 72	957.48
04 30 72	942.28
05 07 72	937.84
05 14 72	942.2
05 21 72	965.3
05 28 72	971.18
06 04 72	954.39
06 11 72	936.71
06 18 72	941.82
06 25 72	936.41
07 02 72	928.66
07 09 72	932.27
07 16 72	914.96
07 23 72	935.36
07 30 72	924.74
08 06 72	953.12
08 13 72	973.5
08 20 72	967.19
08 27 72	956.95
09 03 72	969.37
09 10 72	955
09 17 72	945.36
09 24 72	935.73
10 01 72	953.27
10 08 72	948.75
10 15 72	921.66
10 22 72	951.3
10 29 72	946.42
11 05 72	984.8
11 12 72	997.07
11 19 72	1005.04
11 26 72	1017.75
12 03 72	1027.02
12 10 72	1036.27
12 17 72	1013.27
12 24 72	1006.7
12 31 72	1031.67
01 07 73	1047.86
01 14 73	1025.59
01 21 73	1018.8
01 28 73	996.46
02 04 73	978.4
02 11 73	991.57
02 18 73	983.59
02 25 73	953.79
03 04 73	966.89
03 11 73	969.75
03 18 73	952.05
03 25 73	927.9
04 01 73	936.18
04 08 73	947.55
04 15 73	956.73
04 22 73	955.37
04 29 73	921.43
05 06 73	950.71
05 13 73	909.69
05 20 73	886.5
05 27 73	925.57
06 03 73	885.91
06 10 73	915.11
06 17 73	875.07
06 24 73	869.13
07 01 73	880.57
07 08 73	877.25
07 15 73	897.57
07 22 73	913.15
07 29 73	933.77
08 05 73	912.78
08 12 73	883.2
08 19 73	867.4
08 26 73	870.71
09 02 73	895.39
09 09 73	891.32
09 16 73	892.99
09 23 73	936.71
09 30 73	948.82
10 07 73	977.65
10 14 73	967.04
10 21 73	960.57
10 28 73	984.8
11 04 73	919.4
11 11 73	897.65
11 18 73	862.66
11 25 73	824.95
12 02 73	808.52
12 09 73	851.14
12 16 73	811.12
12 23 73	814.81
12 30 73	850.86
01 06 74	876.85
01 13 74	840.18
01 20 74	854.63
01 27 74	853
02 03 74	821.5
02 10 74	803.9
02 17 74	819.54
02 24 74	851.38
03 03 74	853.18
03 10 74	888.45
03 17 74	874.22
03 24 74	881.02
03 31 74	843.48
04 07 74	839.96
04 14 74	843.79
04 21 74	858.57
04 28 74	835.42
05 05 74	844.88
05 12 74	845.59
05 19 74	812.42
05 26 74	814.3
06 02 74	821.25
06 09 74	859.67
06 16 74	833.23
06 23 74	816.32
06 30 74	806.24
07 07 74	770.57
07 14 74	786.61
07 21 74	790.36
07 28 74	770.89
08 04 74	760.4
08 11 74	767.29
08 18 74	721.84
08 25 74	688.13
09 01 74	663.32
09 08 74	662.94
09 15 74	639.77
09 22 74	663.72
09 29 74	607.87
10 06 74	607.56
10 13 74	673.5
10 20 74	669.82
10 27 74	633.82
11 03 74	657.23
11 10 74	672.64
11 17 74	624.92
11 24 74	611.94
12 01 74	603.02
12 08 74	570.01
12 15 74	584.25
12 22 74	589.64
12 29 74	603.25
01 05 75	637.2
01 12 75	654.18
01 19 75	647.45
01 26 75	692.66
02 02 75	711.44
02 09 75	708.39
02 16 75	731.3
02 23 75	736.94
03 02 75	753.13
03 09 75	776.13
03 16 75	786.53
03 23 75	747.89
03 30 75	768.15
04 06 75	742.88
04 13 75	806.95
04 20 75	815.86
04 27 75	810
05 04 75	855.6
05 11 75	847.47
05 18 75	837.69
05 25 75	826.11
06 01 75	846.61
06 08 75	830.1
06 15 75	834.55
06 22 75	864.82
06 29 75	878.99
07 06 75	861.07
07 13 75	875.86
07 20 75	854.74
07 27 75	827.82
08 03 75	818.05
08 10 75	823.75
08 17 75	822.75
08 24 75	812.34
08 31 75	823.69
09 07 75	840.11
09 14 75	803.19
09 21 75	820.4
09 28 75	805.23
10 05 75	819.66
10 12 75	837.77
10 19 75	842.25
10 26 75	838.48
11 02 75	825.72
11 09 75	835.48
11 16 75	856.66
11 23 75	845.64
11 30 75	856.34
12 07 75	821.63
12 14 75	836.59
12 21 75	838.63
12 28 75	856.66
01 04 76	877.82
01 11 76	922.39
01 18 76	943.72
01 25 76	961.5
02 01 76	971.35
02 08 76	957.18
02 15 76	950.57
02 22 76	985.28
02 29 76	975.36
03 07 76	988.74
03 14 76	974.5
03 21 76	982.29
03 28 76	997.4
04 04 76	1004.09
04 11 76	971.27
04 18 76	988.11
04 25 76	1002.75
05 02 76	990.32
05 09 76	1007.48
05 16 76	987.64
05 23 76	971.53
05 30 76	973.29
06 06 76	958.09
06 13 76	991.24
06 20 76	1007.45
06 27 76	997.38
07 04 76	991.8
07 11 76	1011.21
07 18 76	990.82
07 25 76	991.5
08 01 76	982.25
08 08 76	983.46
08 15 76	992.77
08 22 76	971.49
08 29 76	968.92
09 05 76	996.59
09 12 76	983.29
09 19 76	994.5
09 26 76	1013.13
10 03 76	977.78
10 10 76	940.82
10 17 76	946.55
10 24 76	938
10 31 76	966.09
11 07 76	933.68
11 14 76	935.42
11 21 76	955.87
11 28 76	950.05
12 05 76	961.77
12 12 76	974.24
12 19 76	972.41
12 26 76	996.09
01 02 77	999.75
01 09 77	986.87
01 16 77	967.25
01 23 77	963.6
01 30 77	954.37
02 06 77	946.3
02 13 77	938.32
02 20 77	939.91
02 27 77	936.42
03 06 77	955.12
03 13 77	958.36
03 20 77	953.54
03 27 77	926.11
04 03 77	915.55
04 10 77	924.1
04 17 77	942.75
04 24 77	914.6
05 01 77	931.22
05 08 77	933.09
05 15 77	932.5
05 22 77	917.05
05 29 77	898.66
06 05 77	903.07
06 12 77	912.4
06 19 77	924.27
06 26 77	924.1
07 03 77	913.59
07 10 77	905.53
07 17 77	910.6
07 24 77	914.24
07 31 77	891.8
08 07 77	879.42
08 14 77	874.13
08 21 77	867.29
08 28 77	864.09
09 04 77	873.27
09 11 77	854.38
09 18 77	851.52
09 25 77	841.65
10 02 77	851.96
10 09 77	840.25
10 16 77	820.34
10 23 77	802.32
10 30 77	818.35
11 06 77	816.44
11 13 77	838.36
11 20 77	836.11
11 27 77	839.57
12 04 77	821.03
12 11 77	815.75
12 18 77	807.95
12 25 77	829.7
01 01 78	817.74
01 08 78	784.56
01 15 78	771.74
01 22 78	770.7
01 29 78	772.44
02 05 78	768.62
02 12 78	774.43
02 19 78	749.31
02 26 78	748.35
03 05 78	742.72
03 12 78	759.96
03 19 78	773.82
03 26 78	753.21
04 02 78	751.04
04 09 78	773.65
04 16 78	810.12
04 23 78	826.05
04 30 78	844.32
05 07 78	824.57
05 14 78	846.75
05 21 78	855.42
05 28 78	834.2
06 04 78	863.82
06 11 78	856.72
06 18 78	838.62
06 25 78	812.28
07 02 78	812.89
07 09 78	816.79
07 16 78	839.05
07 23 78	831.6
07 30 78	862.27
08 06 78	885.05
08 13 78	888.17
08 20 78	888.95
08 27 78	884.88
09 03 78	886.61
09 10 78	907.74
09 17 78	870.15
09 24 78	862.35
10 01 78	871.36
10 08 78	893.19
10 15 78	875.17
10 22 78	839.66
10 29 78	811.85
11 05 78	814.88
11 12 78	792.01
11 19 78	805.61
11 26 78	813.84
12 03 78	806.82
12 10 78	817.65
12 17 78	787.51
12 24 78	816.01
12 31 78	811.42
01 07 79	828.14
01 14 79	848.67
01 21 79	838.53
01 28 79	855.77
02 04 79	823.98
02 11 79	824.84
02 18 79	834.55
02 25 79	821.12
03 04 79	827.36
03 11 79	844.68
03 18 79	857.59
03 25 79	854.82
04 01 79	855.25
04 08 79	873.7
04 15 79	860.45
04 22 79	860.1
04 29 79	854.9
05 06 79	833.42
05 13 79	825.02
05 20 79	842.43
05 27 79	832.55
06 03 79	831.34
06 10 79	837.57
06 17 79	839.4
06 24 79	844.25
07 01 79	834.04
07 08 79	852.99
07 15 79	834.9
07 22 79	825.5
07 29 79	838.74
08 05 79	848.55
08 12 79	875.25
08 19 79	886.52
08 26 79	885.41
09 02 79	872.61
09 09 79	876.88
09 16 79	881.3
09 23 79	885.84
09 30 79	872.95
10 07 79	884.04
10 14 79	831.05
10 21 79	809.13
10 28 79	808.62
11 04 79	812.63
11 11 79	821.93
11 18 79	815.27
11 25 79	828.75
12 02 79	819.62
12 09 79	833.87
12 16 79	844.62
12 23 79	839.16
12 30 79	838.74
01 06 80	832
01 13 80	863.57
01 20 80	872.78
01 27 80	878.9
02 03 80	879
02 10 80	889.59
02 17 80	876.02
02 24 80	861.43
03 02 80	854.35
03 09 80	818.94
03 16 80	788.65
03 23 80	765.44
03 30 80	785.75
04 06 80	768.34
04 13 80	784.9
04 20 80	759.13
04 27 80	805.46
05 04 80	816.3
05 11 80	805.89
05 18 80	830.89
05 25 80	857.75
06 01 80	847.35
06 08 80	860.67
06 15 80	877.73
06 22 80	873.8
06 29 80	867.92
07 06 80	898.21
07 13 80	905.55
07 20 80	928.67
07 27 80	925.43
08 03 80	931.05
08 10 80	964.07
08 17 80	948.63
08 24 80	956.23
08 31 80	940.78
09 07 80	928.57
09 14 80	937.63
09 21 80	974.57
09 28 80	940.1
10 05 80	965.7
10 12 80	959.9
10 19 80	960.84
10 26 80	931.74
11 02 80	937.2
11 09 80	929.79
11 16 80	986.25
11 23 80	978.75
11 30 80	969.45
12 07 80	933.7
12 14 80	911.6
12 21 80	958.79
12 28 80	960.57
01 04 81	992.66
01 11 81	968.77
01 18 81	970.99
01 25 81	938.91
02 01 81	932.25
02 08 81	947.18
02 15 81	939.68
02 22 81	945.23
03 01 81	977.99
03 08 81	976.42
03 15 81	1002.79
03 22 81	1004.23
03 29 81	992.16
04 05 81	994.24
04 12 81	993.16
04 19 81	1015.94
04 26 81	1024.05
05 03 81	979.11
05 10 81	963.44
05 17 81	985.77
05 24 81	983.96
05 31 81	997.96
06 07 81	995.64
06 14 81	1011.99
06 21 81	994.2
06 28 81	984.59
07 05 81	949.3
07 12 81	954.34
07 19 81	940.55
07 26 81	945.87
08 02 81	946.25
08 09 81	943.68
08 16 81	926.75
08 23 81	900.11
08 30 81	881.47
09 06 81	851.12
09 13 81	866.15
09 20 81	846.55
09 27 81	842.55
10 04 81	859.87
10 11 81	869.48
10 18 81	847.13
10 25 81	830.96
11 01 81	866.82
11 08 81	855.21
11 15 81	845.03
11 22 81	851.79
11 29 81	888.98
12 06 81	886.99
12 13 81	871.48
12 20 81	873.1
12 27 81	870.34
01 03 82	882.52
01 10 82	850.46
01 17 82	855.12
01 24 82	842.75
01 31 82	851.79
02 07 82	833.43
02 14 82	831.34
02 21 82	811.26
02 28 82	828.39
03 07 82	795.47
03 14 82	800.99
03 21 82	819.54
03 28 82	823.82
04 04 82	835.33
04 11 82	841.32
04 18 82	846.08
04 25 82	865.58
05 02 82	849.03
05 09 82	860.92
05 16 82	845.32
05 23 82	836.38
05 30 82	814.97
06 06 82	804.03
06 13 82	801.85
06 20 82	789.95
06 27 82	811.93
07 04 82	798.9
07 11 82	824.87
07 18 82	826.1
07 25 82	825.44
08 01 82	822.11
08 08 82	780.35
08 15 82	792.43
08 22 82	891.17
08 29 82	893.3
09 05 82	914.28
09 12 82	918.6
09 19 82	916.3
09 26 82	920.9
10 03 82	903.61
10 10 82	1012.79
10 17 82	1019.22
10 24 82	995.13
10 31 82	1005.7
11 07 82	1037.44
11 14 82	1021.43
11 21 82	1000
11 28 82	1002.85
12 05 82	1055.65
12 12 82	1024.28
12 19 82	1004.51
12 26 82	1070.55
01 02 83	1027.04
01 09 83	1092.35
01 16 83	1084.81
01 23 83	1030.17
01 30 83	1075.7
02 06 83	1087.1
02 13 83	1097.1
02 20 83	1080.4
02 27 83	1112.62
03 06 83	1141.74
03 13 83	1114.45
03 20 83	1125.29
03 27 83	1133.32
04 03 83	1127.61
04 10 83	1141.83
04 17 83	1183.24
04 24 83	1187.21
05 01 83	1204.33
05 08 83	1228.23
05 15 83	1202.98
05 22 83	1200.59
05 29 83	1199.98
06 05 83	1214.24
06 12 83	1220.55
06 19 83	1239.18
06 26 83	1229.47
07 03 83	1208.53
07 10 83	1215.44
07 17 83	1189.9
07 24 83	1232.87
07 31 83	1194.21
08 07 83	1163.06
08 14 83	1193.5
08 21 83	1203.15
08 28 83	1194.11
09 04 83	1238.72
09 11 83	1229.07
09 18 83	1233.94
09 25 83	1260.77
10 02 83	1231.3
10 09 83	1284.65
10 16 83	1268.7
10 23 83	1248.98
10 30 83	1225.2
11 06 83	1214.84
11 13 83	1254.07
11 20 83	1268.8
11 27 83	1269.82
12 04 83	1270.53
12 11 83	1261.59
12 18 83	1244.61
12 25 83	1263.72
01 01 84	1252.74
01 08 84	1286.22
01 15 84	1267.59
01 22 84	1244.45
01 29 84	1221.52
02 05 84	1174.31
02 12 84	1150.13
02 19 84	1139.34
02 26 84	1179.96
03 04 84	1165.2
03 11 84	1155.36
03 18 84	1171.38
03 25 84	1152.95
04 01 84	1153.16
04 08 84	1133.9
04 15 84	1160.28
04 22 84	1149.5
04 29 84	1170.75
05 06 84	1166.56
05 13 84	1151.07
05 20 84	1125.31
05 27 84	1101.24
06 03 84	1131.57
06 10 84	1115.61
06 17 84	1109.65
06 24 84	1130.52
07 01 84	1130.08
07 08 84	1134.05
07 15 84	1116.83
07 22 84	1096.62
07 29 84	1109.98
08 05 84	1202.96
08 12 84	1220.08
08 19 84	1216.98
08 26 84	1227.92
09 02 84	1212.35
09 09 84	1202.52
09 16 84	1237.08
09 23 84	1205.06
09 30 84	1198.98
10 07 84	1177.89
10 14 84	1202.96
10 21 84	1217.2
10 28 84	1201.41
11 04 84	1229.24
11 11 84	1219.19
11 18 84	1185.29
11 25 84	1212.35
12 02 84	1182.42
12 09 84	1172.26
12 16 84	1176.79
12 23 84	1208.92
12 30 84	1211.57
01 06 85	1190.59
01 13 85	1234.54
01 20 85	1261.37
01 27 85	1277.83
02 03 85	1290.08
02 10 85	1276.06
02 17 85	1280.59
02 24 85	1277.5
03 03 85	1289.53
03 10 85	1268.55
03 17 85	1249.67
03 24 85	1259.94
03 31 85	1272.75
04 07 85	1252.98
04 14 85	1266.78
04 21 85	1266.56
04 28 85	1259.72
05 05 85	1247.79
05 12 85	1277.5
05 19 85	1304.88
05 26 85	1301.52
06 02 85	1310.93
06 09 85	1318.44
06 16 85	1298.39
06 23 85	1320.56
06 30 85	1337.14
07 07 85	1328.41
07 14 85	1335.46
07 21 85	1357.64
07 28 85	1343.86
08 04 85	1346.89
08 11 85	1314.29
08 18 85	1312.51
08 25 85	1317.65
09 01 85	1329.19
09 08 85	1339.27
09 15 85	1309.14
09 22 85	1316.31
09 29 85	1328.63
10 06 85	1324.37
10 13 85	1354.73
10 20 85	1364.14
10 27 85	1359.99
11 03 85	1389.68
11 10 85	1431.88
11 17 85	1440.02
11 24 85	1456.65
12 01 85	1457.91
12 08 85	1497.02
12 15 85	1553.1
12 22 85	1528.78
12 29 85	1550.46
01 05 86	1547.59
01 12 86	1520.53
01 19 86	1529.13
01 26 86	1537.61
02 02 86	1594.27
02 09 86	1626.38
02 16 86	1678.78
02 23 86	1698.28
03 02 86	1696.67
03 09 86	1702.95
03 16 86	1776.82
03 23 86	1782.93
03 30 86	1818.61
04 06 86	1735.63
04 13 86	1805.31
04 20 86	1855.9
04 27 86	1843.75
05 04 86	1793.77
05 11 86	1787.33
05 18 86	1758.18
05 25 86	1853.03
06 01 86	1861.95
06 08 86	1840.15
06 15 86	1871.77
06 22 86	1864.26
06 29 86	1892.72
07 06 86	1839
07 13 86	1793.45
07 20 86	1779.11
07 27 86	1773.9
08 03 86	1769.97
08 10 86	1811.16
08 17 86	1869.52
08 24 86	1871.77
08 31 86	1870.36
09 07 86	1888.64
09 14 86	1767.58
09 21 86	1793.45
09 28 86	1755.2
10 05 86	1784.45
10 12 86	1798.37
10 19 86	1811.02
10 26 86	1841.82
11 02 86	1894.26
11 09 86	1892.29
11 16 86	1860.52
11 23 86	1906.07
11 30 86	1912.68
12 07 86	1930.54
12 14 86	1922.81
12 21 86	1926.46
12 28 86	1912.12
01 04 87	1971.22
01 11 87	2009.42
01 18 87	2102.5
01 25 87	2107.28
02 01 87	2179.42
02 08 87	2176.74
02 15 87	2237.49
02 22 87	2216.54
03 01 87	2220.47
03 08 87	2260.12
03 15 87	2248.44
03 22 87	2363.78
03 29 87	2278.41
04 05 87	2405.54
04 12 87	2287.08
04 19 87	2270.6
04 26 87	2230.54
05 03 87	2286.22
05 10 87	2307.16
05 17 87	2258.66
05 24 87	2298.09
05 31 87	2288.23
06 07 87	2351.64
06 14 87	2391.54
06 21 87	2445.51
06 28 87	2446.91
07 05 87	2429.53
07 12 87	2452.97
07 19 87	2487.72
07 26 87	2493.94
08 02 87	2557.08
08 09 87	2635.84
08 16 87	2700.57
08 23 87	2697.07
08 30 87	2662.95
09 06 87	2545.12
09 13 87	2613.04
09 20 87	2492.82
09 27 87	2601.5
10 04 87	2640.18
10 11 87	2471.44
10 18 87	1738.74
10 25 87	1793.93
11 01 87	2014.09
11 08 87	1900.2
11 15 87	1949.1
11 22 87	1923.08
11 29 87	1833.55
12 06 87	1812.17
12 13 87	1932.86
12 20 87	1990.38
12 27 87	1942.97
01 03 88	2015.25
01 10 88	1945.13
01 17 88	1963.86
01 24 88	1946.45
01 31 88	1944.63
02 07 88	1895.72
02 14 88	2005.97
02 21 88	2040.29
02 28 88	2056.37
03 06 88	2071.62
03 13 88	2050.07
03 20 88	2067.14
03 27 88	1979.77
04 03 88	1980.6
04 10 88	2095.99
04 17 88	2008.12
04 24 88	2035.97
05 01 88	2043.27
05 08 88	1997.35
05 15 88	2007.63
05 22 88	1941.48
05 29 88	2031.12
06 05 88	2075.21
06 12 88	2099.4
06 19 88	2083.93
06 26 88	2108.46
07 03 88	2158.61
07 10 88	2111.31
07 17 88	2117.89
07 24 88	2071.83
07 31 88	2130.51
08 07 88	2107.4
08 14 88	2004.27
08 21 88	1990.22
08 28 88	2041.43
09 04 88	2065.26
09 11 88	2072.37
09 18 88	2081.08
09 25 88	2085.17
10 02 88	2105.26
10 09 88	2158.96
10 16 88	2140.47
10 23 88	2170.34
10 30 88	2148.65
11 06 88	2124.64
11 13 88	2065.08
11 20 88	2065.97
11 27 88	2081.44
12 04 88	2123.76
12 11 88	2139.58
12 18 88	2172.68
12 25 88	2162.68
01 01 89	2144.64
01 08 89	2199.46
01 15 89	2224.64
01 22 89	2218.39
01 29 89	2324.11
02 05 89	2321.07
02 12 89	2282.5
02 19 89	2326.43
02 26 89	2250.36
03 05 89	2294.82
03 12 89	2306.25
03 19 89	2262.5
03 26 89	2257.86
04 02 89	2304.8
04 09 89	2301.87
04 16 89	2337.79
04 23 89	2402.68
04 30 89	2414.96
05 07 89	2376.47
05 14 89	2463.89
05 21 89	2502.02
05 28 89	2475.55
06 04 89	2480.7
06 11 89	2518.84
06 18 89	2479.89
06 25 89	2511.38
07 02 89	2452.77
07 09 89	2502.66
07 16 89	2553.49
07 23 89	2584.98
07 30 89	2660.66
08 06 89	2660.7
08 13 89	2677.9
08 20 89	2647
08 27 89	2743.4
09 03 89	2747.7
09 10 89	2704.4
09 17 89	2687.5
09 24 89	2659.2
10 01 89	2713.7
10 08 89	2791.4
10 15 89	2657.4
10 22 89	2662.9