"x1"
-0.18057
-0.1608
-0.01822
0.08291
0.071121
0.36463
0.69085
0.57529
0.30988
0.46007
0.42471
-0.03154
-0.052054
0.18137
0.5593
0.71747
0.9091
0.87981
1.0129
1.3459
0.94748
0.62014
0.69312
0.65551
0.59884
0.61481
0.64866
0.44561
0.11484
0.11294
0.020556
-0.051312
0.16921
0.62813
0.95964
1.1817
1.2748
1.2577
1.1114
1.0372
1.0904
1.0882
0.81175
0.80948
0.75244
0.82238
0.76576
0.59961
0.76195
0.85053
0.50265
0.57336
0.64523
0.88132
0.88019
0.47945
0.0057277
0.20799
0.13805
0.30724
0.60418
1.0277
1.1783
0.90794
0.52737
0.38403
0.4057
0.22739
0.17722
0.12816
-0.011398
-0.24065
0.079104
0.071516
-0.11708
-0.26763
-0.033443
0.49314
0.63799
0.63611
0.43269
0.17529
0.50265
0.75662
1.1752
1.5725
1.8041
1.8318
1.3281
0.96839
0.57071
0.39164
0.28554
-0.002255
-0.36306
-0.43075
-0.24141
-0.39805
-0.46231
-0.25206
-0.22352
-0.3224
-0.16574
-0.41098
-0.5277
-0.80714
-0.81285
-0.94498
-0.96622
-0.74897
-0.29386
-0.36802
-0.45964
-0.67863
-0.733
-0.29465
0.089361
0.30875
0.071492
-0.44024
-0.7685
-0.58585
-0.020147
0.16274
0.035013
0.25134
0.26693
-0.04674
-0.45203
-0.4562
-0.75112
-0.97237
-0.8452
-0.57077
-0.53202
-0.56576
-0.2703
0.38973
0.81138
0.73988
0.92124
0.97296
0.93152
0.48706
0.58858
0.50646
0.16731
0.22927
0.16276
-0.03154
-0.3172
-0.092362
-0.3593
-0.69898
-0.98439
-1.0128
-1.0022
-0.93654
-0.37707
-0.090854
-0.53336
-0.81232
-0.56179
-0.56518
-0.075886
0.066944
-0.21043
0.022273
0.035199
0.19297
-0.014322
-0.36818
-0.61242
-0.63707
-0.77027
-0.70177
-0.74175
-0.7624
-0.70847
-0.79876
-0.74182
-0.082523
-0.206
-0.12914
0.13013
0.42508
0.75604
0.77581
1.2486
1.2813
0.81915
0.30095
-0.10798
-0.22468
0.041952
0.41851
0.59408
0.51405
0.6517
0.58819
0.086274
0.11152
0.063742
0.107
0.45979
0.5576
0.28981
-0.17913
-0.46511
-0.38519
-0.28555
0.087551
-0.15857
-0.27638
-0.72098
-0.21751
-0.023163
0.26192
0.34541
-0.19106
-0.59982
-0.64303
-0.77565
-0.68817
-0.72629
-0.96311
-0.74198
-0.46451
-0.0044595
0.36467
0.64161
0.7164
0.86241
0.49595
0.01928
-0.32969
-0.094915
0.41371
0.61209
0.64511
0.73146
0.6343
0.17169
-0.14539
-0.13399
-0.08561
-0.23737
-0.29789
-0.73985
-0.81554
-0.77946
-0.52264
-0.15483
0.1771
0.32668
0.075089
-0.26759
-0.60862
-0.69295
-0.57453
-0.2716
0.16056
0.32063
0.59069
0.62379
0.85723
1.2725
1.4496
1.4062
1.27
1.5152
2.0868
1.8182
1.6194
1.6376
1.4714
0.84858
0.49871
0.25883
0.47541
0.71071
0.6174
0.61552
0.43109
0.24651
0.025244
0.33251
0.43977
0.60165
0.23505
0.19618
0.55846
0.35504
-0.17648
-0.54325
-0.63584
-0.70887
-0.98079
-0.84998
-0.8452
-0.74836
-0.614
-0.5697
-0.34305
0.065529
-0.00028251
-0.1581
-0.22561
-0.075097
-0.18057
-0.68742
-0.64735
-0.64294
-0.38311
-0.50545
-0.44544
-0.6589
-0.65373
-0.8484
-0.76922
-0.56232
-0.64654
-0.74878
-0.72293
-0.6783
-0.54218
-0.5332
-0.41513
0.048496
0.38333
0.60652
0.48114
0.15287
0.02348
0.075113
-0.31182
-0.48008
-0.52069
-0.41555
-0.12917
0.17506
0.47759
0.23108
-0.25471
-0.56005
-0.82972
-1.3909
-1.2041
-1.3077
-1.2829
-1.0208
-1.3233
-1.8986
-1.9261
-1.7515
-1.5936
-1.7623
-1.5287
-1.7495
-1.8411
-1.5485
-1.3454
-0.88669
-0.52016
-0.48256
-0.51879
-0.0088686
0.27941
0.3827
0.26489
0.34608
0.26124
0.31991
0.26637
0.10113
-0.2122
-0.50844
-0.58643
-0.35512
-0.30697
-0.13216
-0.21396
-0.35157
-0.87267
-0.92018
-0.56706
-0.10533
-0.21011
-0.66273
-0.91593
-0.75045
-0.56733
-0.51276
-0.73272
-1.3178
-1.5562
-1.7386
-1.7563
-1.8083
-1.5865
-1.2552
-1.0337
-0.75857
-1.0858
-1.2133
-0.92229
-0.81434
-1.1998
-1.7494
-2.1709
-2.2448
-2.2797
-2.2754
-1.5765
-1.3139
-1.4511
-1.2418
-0.8501
-0.6224
-0.30418
-0.24213
-0.21804
0.16926
0.31743
0.19061
0.15301
0.35073
0.38293
0.28573
0.0047995
-0.36774
-0.75832
-0.76502
-0.80661
-0.39181
-0.12255
0.34708
0.41496
0.24451
0.27408
0.28464
0.47611
0.13863
0.40254
0.86612
0.83609
0.62253
0.77202
0.99282
0.8108
0.5175
0.33242
0.58401
0.63386
0.46395
0.00083136
0.08349
-0.017014
-0.51884
-0.43713
-0.53721
-0.50941
-0.55427
-0.83557
-0.67851
-0.88567
-0.96445
-1.2613
-1.1743
-0.94057
-0.7977
-1.0193
-1.6224
-1.7316
-1.8748
-2.0336
-1.4611
-1.3424
-1.2956
-1.5203
-1.7432
-1.9445
-1.6686
-1.2073
-0.83459
-0.11427
0.13241
0.39753
0.71614
0.97944
1.3684
1.5009
1.7758
2.1219
2.3187
2.2936
2.1923
1.7969
1.5456
1.2383
0.78495
0.44155
-0.15492
-0.32957
-0.0083349
0.11517
0.51426
0.84275
1.1532
1.428
1.4296
1.084
0.86726
0.97999
1.2572
1.844
2.0835
1.6834
1.7569
1.7567
1.7379
1.7187
1.2621
1.2974
1.2613
0.84273
0.82639
1.048
1.0157
1.0026
1.137
0.83419
0.64142
0.28631
0.06047
0.25818
0.96762
1.26
1.4798
1.5357
1.9915
2.4101
2.5162
2.3466
2.1018
1.9645
1.8071
1.1935
0.85245
0.27491
0.19126
-0.14522
-0.47959
-0.60938
-0.60864
-0.56843
-1.0352
-1.3153
-0.86288
-0.40664
-0.11167
-0.088093
0.10117
0.67489
1.0482
1.2024
1.4284
1.4341
1.73
1.5315
1.3136
1.0039
1.0769
1.3501
1.7493
1.6185
1.5585
1.3878
1.1425
0.78741
0.84976
0.85756
0.68268
0.28888
0.35059
0.3213
0.03687
-0.22916
-0.74931
-0.79449
-0.67394
-0.95248
-0.91943
-0.70269
-0.73968
-0.68478
-0.95652
-1.1356
-1.2033
-1.1418
-0.95085
-0.83144
-0.63765
-0.29678
-0.37489
-0.5073
-0.27478
-0.29673
-0.50064
-0.74029
-0.55956
-0.17692
-0.030914
0.20636
0.6074
0.77047
0.75005
0.71006
0.79609
0.82632
1.0738
0.97384
0.45316
0.15088
0.030813
-0.23368
0.031463
0.42457
0.47149
0.17186
0.29162
0.35681
0.23978
0.050445
0.60875
0.62021
0.52177
0.67781
0.79664
0.91476
1.0495
1.2557
1.7875
1.6055
1.4742
1.2304
0.65611
-0.047344
-0.22269
-0.25267
-0.20957
-0.33122
-0.69002
-0.97545
-1.1143
-1.6165
-1.807
-1.7401
-1.9812
-2.0743
-1.764
-1.8343
-1.5567
-1.4785
-1.3994
-0.93695
-0.83921
-0.90593
-0.84555
-0.89523
-0.85402
-0.64978
-0.39241
0.0083732
-0.030473
-0.09039
0.029351
-0.14483
-0.50368
-0.84583
-1.1163
-1.2595
-1.2024
-1.4735
-1.8903
-2.2328
-2.4093
-2.1643
-1.8629
-1.7595
-1.4907
-1.3499
-1.5192
-1.2872
-1.1643
-0.89556
-0.46298
-0.5607
-0.58671
-0.7049
-0.51454
-0.19741
0.33643
0.12062
0.085718
0.08458
-0.19113
-0.79633
-0.72727
-0.34909
-0.95461
-1.0315
-0.96202
-0.92867
-1.3862
-1.4591
-1.5296
-0.86963
-0.71857
-0.87664
-0.63298
-0.91665
-0.78018
-0.16908
-0.14082
-0.16695
0.0076306
0.31012
0.37563
0.62309
0.46921
0.62464
0.92562
1.4079
1.7608
1.9108
1.8214
1.6745
1.5254
1.6834
1.5121
1.9578
2.2185
2.3663
2.2186
1.867
1.202
0.68138
0.068917
-0.27021
-0.57184
-0.68993
-0.62391
-0.37419
-0.379
-0.87569
-1.0437
-1.4652
-1.6297
-1.3178
-1.0408
-0.85423
-0.83148
-1.0816
-1.2403
-1.2527
-1.1549
-0.91089
-0.84928
-0.98838
-1.6372
-1.5926
-1.5279
-1.698
-1.5384
-1.4128
-1.1038
-0.90365
-0.95828
-1.1765
-1.1928
-1.1532
-0.94819
-0.72349
-0.51644
-0.39972
-0.17335
0.21667
-0.049571
0.048728
-0.016526
0.42851
1.1639
1.6061
1.7357
2.0446
2.1131
1.8138
1.4752
1.1889
0.82867
0.88708
0.98141
0.69176
0.45603
0.36627
0.18573
-0.21296
-0.17298
-0.095356
0.25758
0.15526
-0.36531
-0.2283
-0.25315
-0.24007
0.3207
0.55352
0.31232
0.089338
-0.31504
-0.57202
-0.28017
0.39563
0.37932
0.61803
0.91063
1.4935
1.6369
1.5587
1.2412
1.1765
0.92766
0.67774
0.71872
0.55811
0.25066
-0.45739
-0.92749
-1.2128
-1.2949
-0.7556
-0.56054
-0.54615
-0.65805
-0.69548
-0.7133
-0.27455
-0.10886
-0.12518
0.14979
0.55206
0.77093
0.58721
0.49383
0.52646
-0.0066409
-0.64879
-1.0162
-1.1811
-0.66928
-0.66584
-0.56947
-0.54406
0.12039
0.74873
1.0294
1.0714
1.4572
1.7853
1.7266
1.3178
0.81475
0.40083
0.29571
0.13549
-0.02488
-0.094381
-0.20064
-0.65331
-0.55898
-0.68257
-0.91428
-0.96197
-0.89915
-1.0001
-0.82724
-0.88989
-1.3524
-1.485
-1.5794
-1.471
-1.415
-0.70128
-0.24204
-0.16611
-0.16384
-0.12592
-0.45344
-0.70771
-0.46976
-0.12211
-0.19363
-0.39306
-0.10081
-0.39174
-0.81
-0.89899
-0.89539
-0.45228
-0.24482
-0.21902
-0.028268
0.38182
0.48165
0.61757
1.0622
1.378
1.5826
1.493
0.94569
0.78003
0.86886
1.1757
1.8453
2.1839
2.0811
1.9934
1.7393
1.1907
0.45801
0.21697
-0.078369
-0.40958
-0.35702
0.024571
0.27844
0.23971
0.16355
-0.22322
-0.53768
-0.48786
-0.78391
-1.0612
-1.1374
-1.2495
-1.4523
-1.4185
-1.4755
-1.4036
-1.1482
-1.1112
-1.0558
-1.1279
-1.3642
-1.6541
-1.4702
-1.2499
-1.539
-1.7366
-1.7874
-1.8732
-1.6114
-1.4948
-1.7968
-1.9703
-1.9236
-1.8206
-1.7164
-1.4469
-1.1034
-0.9412
-0.97896
-0.99831
-0.72525
-0.61614
-0.61556
-0.63243
-0.92166
-1.0078
-0.7275
-0.39046
-0.17959
0.19636
0.39071
0.40382
1.0003
1.6516
2.1742
2.166
2.4651
2.7073
2.6552
2.7824
2.6888
2.7209
2.6419
2.9057
2.8941
3.0074
2.8439
2.5325
2.2919
2.1221
2.0429
1.8522
1.2784
0.7047
0.58735
0.088433
-0.29878
-0.64605
-0.44321
-0.49243
-0.64804
-0.34477
-0.38503
-0.29585
-0.076861
0.21655
0.037195
0.13211
0.10062
-0.29411
-0.41364
-0.25784
-0.24624
-0.32344
-0.3253
0.23911
0.56781
1.006
1.4433
1.3877
1.3501
1.5847
1.5997
1.667
1.9139
1.7934
1.3237
1.2706
1.3254
1.3229
0.73522
0.72895
0.86765
0.34959
0.012736
0.13111
0.15805
-0.14369
-0.46386
-0.80185
-1.1201
-1.364
-1.4606
-1.7557
-1.7933
-1.4459
-0.91502
-0.62045
-0.43546
-0.76187
-0.90683
-1.0156
-1.1604
-1.4328
-1.3583
-1.3016
-1.026
-1.2782
-1.2201
-0.88841
-0.32075
0.11684
-0.013162
-0.36424
-0.51682
-0.34317
-0.55422
-1.0039
-1.4906
-2.0679
-2.3705
-2.761
-2.8565
-2.8574
-2.6726
-1.938
-1.4203
-0.88337
-0.61978
-0.41195
-0.76985
-0.61764
-0.52104
-0.66204
-0.31115
0.0756
0.49748
0.78971
0.80586
0.65458
0.6282
0.34469
0.041395
0.029026
-0.074819
0.36699
0.29749
-0.046601
-0.19064
-0.15256
0.14044
-0.27764
-0.53195
-0.47565
-0.74646
-0.70627
-0.1552
-0.11422
-0.27364
-0.068136
-0.0084045
-0.2409
-0.25422
-0.12137
-0.26128
-0.3463
-0.53991
-0.65928
-0.63083
-0.38204
-0.20479
-0.044443
-0.28399
-0.34015
-0.35797
-0.26478
0.24892
0.89102
1.2775
1.1351
1.2834
1.5581
1.6497
2.0322
2.0656
2.2432
1.999
1.8246
2.1404
2.2168
1.7254
1.4868
1.5012
0.85909
0.25266
-0.13411
-0.64635
-0.77277
-0.62229
-0.487
-0.34888
0.082817
0.3882
0.27473
0.41728
0.43213
0.35609
0.51692
0.5137
0.20077
-0.258
-0.69701
-0.8782
-0.61955
-0.30356
-0.4776
-0.28474
-0.16328
-0.25984
-0.20937
0.31633
0.82486
1.2235
1.3471
1.0496
0.80644
0.70814
0.37337
0.51254
0.8893
1.1203
1.2596
1.3608
1.8619
2.0506
2.0543
1.3809
1.0338
0.64941
0.19177
-0.027619
0.17337
0.22915
0.23047
0.41445
0.50627
0.28819
0.30638
0.014731
-0.16727
-0.11225
-0.14829
-0.14792
-0.11109
-0.36596
-0.63906
-0.58363
-0.71
-1.1093
-1.3436
-1.3391
-1.5146
-1.4516
-0.85891
-0.17456
0.29034
0.67962
1.0467
1.0636
1.1853
1.2832
1.2853
1.1178
1.0174
0.82031
0.19866
0.17388
-0.18331
-0.72711
-0.8016
-0.31588
-0.091109
